0.465625
0.928125
0.928125
0.928125
0.928125
0.928125
0.928125
0.928125
0.928125
0.928125
0.928125
0.928125
0.928125
0.921875
0.009375
0.975
0.975
0.975
0.975
0.975
0.975
0.975
0.975
0.975
0.975
0.975
0.975
0.975
0.975
0.975
0.971875
0.94375
0.94375
0.94375
0.94375
0.8875
0.871875
0.709375
0.6875
0.60625
0.659375
0.6875
0.596875
0.009375
0.925
0.925
0.925
0.925
0.925
0.925
0.925
0.925
0.925
0.925
0.925
0.925
0.928125
0.928125
0.928125
0.9125
0.903125
0.903125
0.903125
0.89375
0.84375
0.84375
0.84375
0.84375
0.8125
0.734375
