0.009375
0.6125
0.6125
0.6125
0.6125
0.6125
0.6125
0.6125
0.6125
0.6125
0.6125
0.6125
0.6125
0.6125
0.00625
0.609375
0.609375
0.609375
0.609375
0.609375
0.609375
0.609375
0.609375
0.609375
0.609375
0.609375
0.609375
0.609375
0.609375
0.609375
0.609375
0.609375
0.609375
0.609375
0.609375
0.609375
0.609375
0.878125
0.515625
0.603125
0.659375
0.915625
0.409375
0.00625
0.584375
0.584375
0.584375
0.584375
0.584375
0.584375
0.584375
0.584375
0.584375
0.584375
0.584375
0.584375
0.584375
0.584375
0.45
0.521875
0.5375
0.534375
0.453125
0.55
0.609375
0.48125
0.48125
0.5
0.590625
0.56875
