0.01
1.65333333333
1.65333333333
1.65333333333
1.65333333333
1.65333333333
1.65333333333
1.65333333333
1.65333333333
1.65333333333
1.65333333333
1.65333333333
1.65333333333
1.65333333333
0.00666666666667
1.63
1.63
1.63
1.63
1.63
1.63
1.63
1.63
1.63
1.63
1.63
1.63
1.63
1.63
1.63
1.63
1.63
1.63
1.63
1.63
1.63
1.63
1.05
1.81
1.8
1.96666666667
1.30666666667
0.97
0.00666666666667
1.63
1.63
1.63
1.63
1.63
1.63
1.63
1.63
1.63
1.63
1.63
1.63
1.63
1.63
1.66333333333
1.78
1.60666666667
1.60666666667
1.65333333333
1.77666666667
1.68
1.62
1.62
1.78
1.74666666667
1.80333333333
