0.116666666667
0.31
0.31
0.31
0.31
0.31
0.31
0.31
0.31
0.31
0.31
0.31
0.31
0.38
0.01
0.313333333333
0.313333333333
0.313333333333
0.313333333333
0.313333333333
0.313333333333
0.313333333333
0.313333333333
0.313333333333
0.313333333333
0.313333333333
0.313333333333
0.313333333333
0.313333333333
0.313333333333
0.356666666667
0.616666666667
0.616666666667
0.616666666667
0.616666666667
0.983333333333
1.08333333333
1.08666666667
1.27666666667
1.33666666667
1.33333333333
1.20666666667
1.96
0.01
0.333333333333
0.333333333333
0.333333333333
0.333333333333
0.333333333333
0.333333333333
0.333333333333
0.333333333333
0.333333333333
0.333333333333
0.333333333333
0.333333333333
0.333333333333
0.333333333333
0.333333333333
0.52
0.63
0.63
0.63
0.713333333333
1.09666666667
1.1
1.1
1.1
1.31
1.67
