0.000797
0.000797
0.0004322
0.0004322
0.0006878
0.0006878
0.0011099
0.0011099
0.0015036
0.0015036
0.0014258
0.0014258
0.0011654
0.0011654
0.0009704
0.0009704
0.0003033
0.0003033
2.15e-05
2.15e-05
-0.0001435
-0.0001435
-0.0001355
-0.0001355
-0.0001305
-0.0001305
7.88e-05
7.88e-05
-0.000188
-0.000188
-9.02e-05
-9.02e-05
-2.2e-05
-2.2e-05
-1.45e-05
-1.45e-05
-1.95e-05
-1.95e-05
-9e-07
-9e-07
5.71e-05
5.71e-05
-7.21e-05
-7.21e-05
-9.3e-06
-9.3e-06
-8.9e-06
-8.9e-06
-2e-07
-2e-07
-5e-06
-5e-06
4.54e-05
4.54e-05
-5.44e-05
-5.44e-05
-6.1e-06
-6.1e-06
-5.1e-06
-5.1e-06
4.1e-06
4.1e-06
-5.2e-06
-5.2e-06
-1.6e-06
-1.6e-06
8e-07
8e-07
-1.8e-06
-1.8e-06
1.7e-06
1.7e-06
-3e-07
-3e-07
2.3e-06
2.3e-06
-1e-07
-1e-07
2.5e-06
2.5e-06
-1.1e-06
-1.1e-06
2.4e-06
2.4e-06
-3e-07
-3e-07
6.1e-06
6.1e-06
0.0003535
0.0003535
1.71e-05
1.71e-05
1e-07
1e-07
-2e-07
-2e-07
-1e-06
-1e-06
-1.1e-06
-1.1e-06
1.4e-06
1.4e-06
-1e-06
-1e-06
3.7e-06
3.7e-06
-0.0
-0.0
1.2e-06
1.2e-06
3.9e-06
3.9e-06
3e-06
3e-06
1.7e-06
1.7e-06
7e-07
7e-07
6e-07
6e-07
1.4e-06
1.4e-06
7e-07
7e-07
-0.0
-0.0
-6e-07
-6e-07
4e-07
4e-07
2.5e-06
2.5e-06
-6e-07
-6e-07
-1e-07
-1e-07
-1e-07
-1e-07
-1e-06
-1e-06
