0.0398306
0.0398306
0.97754404
0.97754404
0.97225036
0.97225036
0.96371922
0.96371922
0.95228393
0.95228393
0.94154512
0.94154512
0.93280205
0.93280205
0.92551605
0.92551605
0.92328423
0.92328423
0.92307721
0.92307721
0.92406459
0.92406459
0.92500238
0.92500238
0.92591756
0.92591756
0.92520725
0.92520725
0.92663716
0.92663716
0.92730044
0.92730044
0.92743551
0.92743551
0.92753553
0.92753553
0.92767671
0.92767671
0.92768138
0.92768138
0.92723485
0.92723485
0.92780056
0.92780056
0.92785849
0.92785849
0.92792122
0.92792122
0.927913
0.927913
0.92795713
0.92795713
0.92754598
0.92754598
0.92796435
0.92796435
0.92800722
0.92800722
0.92803446
0.92803446
0.92799851
0.92799851
0.92803346
0.92803346
0.92804168
0.92804168
0.92804759
0.92804759
0.92804219
0.92804219
0.92804785
0.92804785
0.92807214
0.92807214
0.92806715
0.92806715
0.92807866
0.92807866
0.9280735
0.9280735
0.92808369
0.92808369
0.92807189
0.92807189
0.92806829
0.92806829
0.92802632
0.92802632
0.92193127
0.92193127
0.92183467
0.92183467
0.92183815
0.92183815
0.92184492
0.92184492
0.92184656
0.92184656
0.92185218
0.92185218
0.92184914
0.92184914
0.92185414
0.92185414
0.92184759
0.92184759
0.92185235
0.92185235
0.92185009
0.92185009
0.92185127
0.92185127
0.92185551
0.92185551
0.9218535
0.9218535
0.92185726
0.92185726
0.92186075
0.92186075
0.9218587
0.9218587
0.92185683
0.92185683
0.92185997
0.92185997
0.92186291
0.92186291
0.92186113
0.92186113
0.92185739
0.92185739
0.9218622
0.9218622
0.92186275
0.92186275
0.92186321
0.92186321
0.92186546
0.92186546
