-0.95667553
-0.95667553
-0.87712838
-0.87712838
-0.75062215
-0.75062215
-0.54637333
-0.54637333
-0.27220027
-0.27220027
-0.0141004
-0.0141004
0.19633528
0.19633528
0.37177923
0.37177923
0.42619091
0.42619091
0.43150039
0.43150039
0.40792621
0.40792621
0.38535695
0.38535695
0.3633199
0.3633199
0.38026796
0.38026796
0.3460744
0.3460744
0.32998238
0.32998238
0.32665881
0.32665881
0.32424144
0.32424144
0.32084141
0.32084141
0.3207123
0.3207123
0.33144998
0.33144998
0.31791434
0.31791434
0.31645201
0.31645201
0.31493632
0.31493632
0.31512745
0.31512745
0.31406583
0.31406583
0.32397428
0.32397428
0.31394644
0.31394644
0.31285978
0.31285978
0.31219898
0.31219898
0.3130619
0.3130619
0.31222474
0.31222474
0.31202237
0.31202237
0.31187697
0.31187697
0.31201112
0.31201112
0.31187074
0.31187074
0.31128369
0.31128369
0.31140232
0.31140232
0.31112572
0.31112572
0.3112485
0.3112485
0.31100498
0.31100498
0.31128835
0.31128835
0.31137924
0.31137924
0.31239455
0.31239455
0.3782704
0.3782704
0.38096445
0.38096445
0.38089719
0.38089719
0.38073306
0.38073306
0.3806941
0.3806941
0.38055725
0.38055725
0.38062877
0.38062877
0.38050967
0.38050967
0.38066473
0.38066473
0.38055253
0.38055253
0.3806066
0.3806066
0.3805752
0.3805752
0.38047273
0.38047273
0.38052318
0.38052318
0.38043258
0.38043258
0.38034747
0.38034747
0.3803968
0.3803968
0.38044348
0.38044348
0.38036748
0.38036748
0.38029633
0.38029633
0.38033893
0.38033893
0.38042835
0.38042835
0.38031391
0.38031391
0.38029993
0.38029993
0.38028896
0.38028896
0.38023481
0.38023481
