-1.12090167114
-1.12090167114
-1.12090167114
-1.14924837007
-1.14924837007
-1.14924837007
-1.14924837007
-1.12090167114
-2.15896991435
-3.07948513369
2.9559428339
1.13626248291
1.14950579583
3.1412896233
-3.11248323136
-1.44640285887
-1.12090167114
-1.10700581982
-1.10700581982
-1.05149632496
-0.0961541776801
0.808876759248
0.901360104004
0.901360104004
0.901360104004
0.946962897203
0.946962897203
0.191495373674
-1.03567877192
-1.00870772613
-1.02498279662
-1.6332345981
-2.57993636156
-3.04543847591
-3.01754536318
-2.98690097863
-2.98690097863
-2.98690097863
-2.26965319585
-1.28815497626
-1.02498279662
-1.02498279662
-1.00870772613
-0.982622739236
-0.82864146462
0.160227508828
2.06704463975
1.07701546048
1.04768443832
2.25108474173
1.0925952026
1.44251402778
2.42560153917
1.15474614941
