1.17333333333
1.17333333333
1.17333333333
1.17333333333
1.17333333333
1.17333333333
1.17333333333
1.43
1.66
1.67333333333
1.72666666667
1.55
1.09666666667
1.07
1.13666666667
1.30333333333
1.39
1.55333333333
1.69333333333
1.71
1.68666666667
1.6
1.59333333333
1.50333333333
1.35666666667
1.21333333333
1.16333333333
1.16666666667
1.34666666667
1.50666666667
1.62333333333
1.69
1.72
1.70333333333
1.71333333333
1.76
1.81333333333
1.83333333333
1.90333333333
1.98333333333
1.98666666667
2.05
2.19666666667
2.33
2.35
2.29666666667
2.21333333333
2.19
2.03333333333
1.87333333333
1.75333333333
1.72
1.69333333333
0.866666666667
