-0.1325143
-0.1325143
-1.1143783
-1.1143783
-1.1493847
-1.1493847
-1.1495824
-1.1495824
-1.1494165
-1.1494165
-1.1493569
-1.1493569
-1.1211362
-1.1211362
-2.1535274
-2.1535274
-3.0746477
-3.0746477
2.92366
2.92366
1.1457062
1.1457062
1.1494273
1.1494273
3.1306777
3.1306777
-3.0791545
-3.0791545
-1.4552797
-1.4552797
-1.4464928
-1.4464928
-1.4464392
-1.4464392
-1.4464349
-1.4464349
-1.4464297
-1.4464297
-1.4464381
-1.4464381
-1.4464435
-1.4464435
-1.4464405
-1.4464405
-1.4464423
-1.4464423
-1.4464421
-1.4464421
-1.4464486
-1.4464486
-1.446436
-1.446436
-1.4464456
-1.4464456
-1.4464529
-1.4464529
-1.4464459
-1.4464459
-1.4464473
-1.4464473
-1.4464398
-1.4464398
-1.4464486
-1.4464486
-1.4464459
-1.4464459
-1.4464481
-1.4464481
-1.4464361
-1.4464361
-1.4464352
-1.4464352
-1.4464376
-1.4464376
-1.4464336
-1.4464336
-1.4464361
-1.4464361
-1.4464475
-1.4464475
-1.4464372
-1.4464372
-1.4464498
-1.4464498
-1.4464411
-1.4464411
-1.4464423
-1.4464423
-1.4464535
-1.4464535
-1.4464426
-1.4464426
-1.4464454
-1.4464454
-1.4464418
-1.4464418
-1.4464387
-1.4464387
-1.4464365
-1.4464365
-1.4464318
-1.4464318
-1.4464381
-1.4464381
-1.4464366
-1.4464366
-1.4464367
-1.4464367
-1.446435
-1.446435
-1.4464505
-1.4464505
-1.4464355
-1.4464355
-1.4464303
-1.4464303
-1.4464367
-1.4464367
-1.1227351
-1.1227351
-1.1209492
-1.1209492
-1.1209316
-1.1209316
-1.1209422
-1.1209422
-1.1209469
-1.1209469
-1.1209439
-1.1209439
-1.1209509
-1.1209509
-1.1209431
-1.1209431
-1.1209328
-1.1209328
-1.1209352
-1.1209352
-1.1209321
-1.1209321
-1.1209346
-1.1209346
-1.1209338
-1.1209338
-1.1209375
-1.1209375
-1.1209388
-1.1209388
-1.1209342
-1.1209342
-1.1209317
-1.1209317
-1.1209267
-1.1209267
-1.1209411
-1.1209411
-1.1209327
-1.1209327
-1.1210551
-1.1210551
-1.1209349
-1.1209349
-1.1209364
-1.1209364
-1.1209336
-1.1209336
-1.1209299
-1.1209299
-1.120937
-1.120937
-1.1209477
-1.1209477
-1.1209353
-1.1209353
-1.1209333
-1.1209333
-1.120935
-1.120935
-1.1209351
-1.1209351
-1.1209278
-1.1209278
-1.1209397
-1.1209397
-1.1210023
-1.1210023
-1.120935
-1.120935
-1.1209288
-1.1209288
-1.1209345
-1.1209345
-1.1209338
-1.1209338
-1.1209384
-1.1209384
-1.1209417
-1.1209417
-1.1209347
-1.1209347
-1.1209296
-1.1209296
-1.1209341
-1.1209341
-1.1209344
-1.1209344
-1.1209394
-1.1209394
-1.1209324
-1.1209324
-1.1211092
-1.1211092
-1.1209368
-1.1209368
-1.1209346
-1.1209346
-1.1209348
-1.1209348
-1.1209468
-1.1209468
-1.1209333
-1.1209333
-1.1209351
-1.1209351
-1.1209296
-1.1209296
-1.1209353
-1.1209353
-1.1209344
-1.1209344
-1.1209346
-1.1209346
-1.1209354
-1.1209354
-1.1209415
-1.1209415
-1.1072152
-1.1072152
-1.1070396
-1.1070396
-1.1070347
-1.1070347
-1.1070388
-1.1070388
-1.1070578
-1.1070578
-1.1070406
-1.1070406
-1.1070467
-1.1070467
-1.1070413
-1.1070413
-1.1070342
-1.1070342
-1.1070401
-1.1070401
-1.1070391
-1.1070391
-1.1070506
-1.1070506
-1.1070386
-1.1070386
-1.1070451
-1.1070451
-1.1070389
-1.1070389
-1.1070332
-1.1070332
-1.1070382
-1.1070382
-1.107161
-1.107161
-1.1070396
-1.1070396
-1.1070514
-1.1070514
-1.1070525
-1.1070525
-1.1070467
-1.1070467
-1.1070579
-1.1070579
-1.1070518
-1.1070518
-1.1070451
-1.1070451
-1.1070393
-1.1070393
-1.107039
-1.107039
-1.1070335
-1.1070335
-1.1070393
-1.1070393
-1.1070511
-1.1070511
-1.1070397
-1.1070397
-1.1070456
-1.1070456
-1.1070408
-1.1070408
-1.1070352
-1.1070352
-1.1070408
-1.1070408
-1.1070417
-1.1070417
-1.1071277
-1.1071277
-1.10704
-1.10704
-1.1070402
-1.1070402
-1.1070411
-1.1070411
-1.1070424
-1.1070424
-1.1070539
-1.1070539
-1.1070413
-1.1070413
-1.1070406
-1.1070406
-1.1070398
-1.1070398
-1.107034
-1.107034
-1.1070392
-1.1070392
-1.1070512
-1.1070512
-1.1070463
-1.1070463
-1.107041
-1.107041
-1.1070352
-1.1070352
-1.1070407
-1.1070407
-1.1070405
-1.1070405
-1.1070345
-1.1070345
-1.107122
-1.107122
-1.1070321
-1.1070321
-1.1070464
-1.1070464
-1.1070275
-1.1070275
-1.1070196
-1.1070196
-1.1070131
-1.1070131
-1.10701
-1.10701
-1.1070091
-1.1070091
-1.1070051
-1.1070051
-1.1070033
-1.1070033
-1.1069989
-1.1069989
-1.1069981
-1.1069981
-1.1069946
-1.1069946
-1.1066552
-1.1066552
-1.1069744
-1.1069744
-1.1069805
-1.1069805
-1.1069748
-1.1069748
-1.1069739
-1.1069739
-1.1069736
-1.1069736
-1.1069617
-1.1069617
-1.1069661
-1.1069661
-1.1069719
-1.1069719
-1.1069713
-1.1069713
-1.1069765
-1.1069765
-1.1069703
-1.1069703
-1.1069698
-1.1069698
-1.1068155
-1.1068155
-1.1069662
-1.1069662
-1.1069675
-1.1069675
-1.1069675
-1.1069675
-1.1069662
-1.1069662
-1.1069664
-1.1069664
-1.1067687
-1.1067687
-1.1069562
-1.1069562
-1.1069639
-1.1069639
-1.1069701
-1.1069701
-1.1069639
-1.1069639
-1.1069624
-1.1069624
-1.1069696
-1.1069696
-1.1069561
-1.1069561
-1.1069554
-1.1069554
-1.106962
-1.106962
-1.106963
-1.106963
-1.1069616
-1.1069616
-1.1069606
-1.1069606
-1.0517144
-1.0517144
-1.0514533
-1.0514533
-1.0514592
-1.0514592
-1.0514531
-1.0514531
-1.0514515
-1.0514515
-1.0514594
-1.0514594
-1.0514524
-1.0514524
-1.0509602
-1.0509602
-1.0514396
-1.0514396
-1.051458
-1.051458
-1.0514503
-1.0514503
-1.0514495
-1.0514495
-1.0514569
-1.0514569
-1.0514424
-1.0514424
-1.0514506
-1.0514506
-1.0514501
-1.0514501
-1.0514577
-1.0514577
-1.0514514
-1.0514514
-1.0514513
-1.0514513
-1.0514354
-1.0514354
-1.0514508
-1.0514508
-1.0514515
-1.0514515
-1.0514434
-1.0514434
-1.0514511
-1.0514511
-1.0514589
-1.0514589
-1.0514514
-1.0514514
-1.0508897
-1.0508897
-1.0514422
-1.0514422
-1.0514368
-1.0514368
-1.0514516
-1.0514516
-1.051451
-1.051451
-1.0514512
-1.0514512
-1.0514593
-1.0514593
-1.0514511
-1.0514511
-1.0514517
-1.0514517
-1.0514375
-1.0514375
-1.0514518
-1.0514518
-1.0514516
-1.0514516
-1.0514524
-1.0514524
-1.0514614
-1.0514614
-0.1012238
-0.1012238
-0.0960056
-0.0960056
-0.096127
-0.096127
-0.096137
-0.096137
-0.0961363
-0.0961363
-0.0961386
-0.0961386
-0.0961425
-0.0961425
-0.0961424
-0.0961424
-0.0961458
-0.0961458
-0.0961478
-0.0961478
-0.09615
-0.09615
-0.0961525
-0.0961525
-0.0961551
-0.0961551
-0.0961565
-0.0961565
-0.0962135
-0.0962135
-0.0961775
-0.0961775
-0.0961784
-0.0961784
-0.096186
-0.096186
-0.0961772
-0.0961772
-0.0961887
-0.0961887
-0.096182
-0.096182
-0.0961835
-0.0961835
-0.0961855
-0.0961855
-0.0961873
-0.0961873
-0.0961875
-0.0961875
-0.0961889
-0.0961889
-0.0961947
-0.0961947
-0.0961956
-0.0961956
-0.0961896
-0.0961896
-0.0961885
-0.0961885
-0.0961878
-0.0961878
-0.0961816
-0.0961816
-0.0963673
-0.0963673
-0.0961945
-0.0961945
-0.0961877
-0.0961877
-0.0961819
-0.0961819
-0.0961873
-0.0961873
-0.0961928
-0.0961928
-0.0961875
-0.0961875
-0.0961875
-0.0961875
-0.0961931
-0.0961931
-0.0961875
-0.0961875
-0.0961873
-0.0961873
-0.0961817
-0.0961817
-0.0961871
-0.0961871
0.8038983
0.8038983
0.8088169
0.8088169
0.8088434
0.8088434
0.8088439
0.8088439
0.8088438
0.8088438
0.8088495
0.8088495
0.8088441
0.8088441
0.8086634
0.8086634
0.8088374
0.8088374
0.8088438
0.8088438
0.8088493
0.8088493
0.808844
0.808844
0.8088446
0.8088446
0.8088499
0.8088499
0.8088405
0.8088405
0.8088455
0.8088455
0.8088437
0.8088437
0.8088437
0.8088437
0.8088416
0.8088416
0.808841
0.808841
0.8086673
0.8086673
0.8088432
0.8088432
0.8088449
0.8088449
0.8088436
0.8088436
0.80885
0.80885
0.8088446
0.8088446
0.8088386
0.8088386
0.8087595
0.8087595
0.8088447
0.8088447
0.8088443
0.8088443
0.8088383
0.8088383
0.808839
0.808839
0.8088435
0.8088435
0.8088441
0.8088441
0.8088509
0.8088509
0.8088347
0.8088347
0.8088301
0.8088301
0.8088437
0.8088437
0.8088459
0.8088459
0.8088499
0.8088499
0.8088448
0.8088448
0.8088457
0.8088457
0.8088436
0.8088436
0.8088364
0.8088364
0.8088407
0.8088407
0.8088449
0.8088449
0.8088497
0.8088497
0.808845
0.808845
0.8088496
0.8088496
0.8088444
0.8088444
0.9005591
0.9005591
0.9013195
0.9013195
0.9013279
0.9013279
0.9013309
0.9013309
0.9013342
0.9013342
0.9013293
0.9013293
0.9013293
0.9013293
0.9013227
0.9013227
0.901328
0.901328
0.9013237
0.9013237
0.9013273
0.9013273
0.9013292
0.9013292
0.9013349
0.9013349
0.9010981
0.9010981
0.9013231
0.9013231
0.9013337
0.9013337
0.9013237
0.9013237
0.9013324
0.9013324
0.9013352
0.9013352
0.9013295
0.9013295
0.9013255
0.9013255
0.901329
0.901329
0.9013261
0.9013261
0.9013294
0.9013294
0.9013293
0.9013293
0.9013303
0.9013303
0.901334
0.901334
0.9011023
0.9011023
0.9013241
0.9013241
0.9013341
0.9013341
0.9013292
0.9013292
0.9013295
0.9013295
0.9013358
0.9013358
0.9013309
0.9013309
0.9013239
0.9013239
0.9013299
0.9013299
0.9013296
0.9013296
0.9013246
0.9013246
0.9012786
0.9012786
0.9013295
0.9013295
0.9010691
0.9010691
0.9013283
0.9013283
0.9013302
0.9013302
0.9013288
0.9013288
0.9013314
0.9013314
0.9013242
0.9013242
0.9013311
0.9013311
0.9013317
0.9013317
0.9013301
0.9013301
0.9013309
0.9013309
0.9013308
0.9013308
0.9013356
0.9013356
0.9013298
0.9013298
0.9013212
0.9013212
0.9013306
0.9013306
0.9013315
0.9013315
0.9013347
0.9013347
0.9013298
0.9013298
0.9013321
0.9013321
0.9013293
0.9013293
0.9012126
0.9012126
0.9013273
0.9013273
0.9013337
0.9013337
0.9013316
0.9013316
0.9013307
0.9013307
0.9013321
0.9013321
0.9013306
0.9013306
0.9013272
0.9013272
0.9013311
0.9013311
0.90133
0.90133
0.9013365
0.9013365
0.9013304
0.9013304
0.9013305
0.9013305
0.9011075
0.9011075
0.9013253
0.9013253
0.9013324
0.9013324
0.9013322
0.9013322
0.9013378
0.9013378
0.9013321
0.9013321
0.9012489
0.9012489
0.9013222
0.9013222
0.901332
0.901332
0.9013311
0.9013311
0.9013367
0.9013367
0.9013264
0.9013264
0.9013308
0.9013308
0.901269
0.901269
0.9013315
0.9013315
0.9013324
0.9013324
0.9013362
0.9013362
0.9013313
0.9013313
0.9013313
0.9013313
0.9013315
0.9013315
0.9009683
0.9009683
0.9013316
0.9013316
0.9013332
0.9013332
0.9013378
0.9013378
0.9013325
0.9013325
0.9013331
0.9013331
0.9013381
0.9013381
0.901329
0.901329
0.9013287
0.9013287
0.9013383
0.9013383
0.9013295
0.9013295
0.9013339
0.9013339
0.9013387
0.9013387
0.9011837
0.9011837
0.901324
0.901324
0.9013294
0.9013294
0.9013242
0.9013242
0.9013292
0.9013292
0.9013296
0.9013296
0.9013295
0.9013295
0.9013216
0.9013216
0.9013262
0.9013262
0.9013304
0.9013304
0.9013355
0.9013355
0.9013406
0.9013406
0.9013373
0.9013373
0.9013411
0.9013411
0.9013379
0.9013379
0.901328
0.901328
0.9013347
0.9013347
0.9465761
0.9465761
0.9469346
0.9469346
0.9469375
0.9469375
0.9469385
0.9469385
0.9469387
0.9469387
0.9468471
0.9468471
0.9469386
0.9469386
0.9469396
0.9469396
0.9469428
0.9469428
0.9469365
0.9469365
0.9469404
0.9469404
0.9467311
0.9467311
0.9469081
0.9469081
0.9469157
0.9469157
0.9469213
0.9469213
0.9469013
0.9469013
0.9469085
0.9469085
0.9469162
0.9469162
0.9464799
0.9464799
0.946889
0.946889
0.9468893
0.9468893
0.9468902
0.9468902
0.9468997
0.9468997
0.9468856
0.9468856
0.9468868
0.9468868
0.9468713
0.9468713
0.9468568
0.9468568
0.9468814
0.9468814
0.9468804
0.9468804
0.9468942
0.9468942
0.946879
0.946879
0.9463962
0.9463962
0.9468737
0.9468737
0.9468759
0.9468759
0.9468763
0.9468763
0.9468766
0.9468766
0.9468762
0.9468762
0.9468902
0.9468902
0.9468461
0.9468461
0.9468624
0.9468624
0.9468758
0.9468758
0.9468769
0.9468769
0.9468904
0.9468904
0.9468779
0.9468779
0.9468769
0.9468769
0.9463636
0.9463636
0.9468633
0.9468633
0.9468818
0.9468818
0.9468958
0.9468958
0.9468825
0.9468825
0.9468842
0.9468842
0.946897
0.946897
0.9468717
0.9468717
0.9468857
0.9468857
0.9468993
0.9468993
0.9468604
0.9468604
0.9468889
0.9468889
0.946889
0.946889
0.1831781
0.1831781
0.1914041
0.1914041
0.1914495
0.1914495
0.1914541
0.1914541
0.1914613
0.1914613
0.1914535
0.1914535
0.1914576
0.1914576
0.1914482
0.1914482
0.1914618
0.1914618
0.1914452
0.1914452
0.1914551
0.1914551
0.191453
0.191453
0.191455
0.191455
0.1914504
0.1914504
0.1914535
0.1914535
0.1914538
0.1914538
0.1914569
0.1914569
0.1914473
0.1914473
0.1914615
0.1914615
0.1914501
0.1914501
0.1914492
0.1914492
0.1914421
0.1914421
0.1914428
0.1914428
0.1914611
0.1914611
0.1914489
0.1914489
0.1914619
0.1914619
0.1914605
0.1914605
0.1914602
0.1914602
0.1914667
0.1914667
0.191462
0.191462
0.1914611
0.1914611
0.1914553
0.1914553
0.1914534
0.1914534
0.1914553
0.1914553
0.1914631
0.1914631
0.1914677
0.1914677
0.1914669
0.1914669
0.1914625
0.1914625
0.1914148
0.1914148
0.1914577
0.1914577
0.1914592
0.1914592
0.1914609
0.1914609
0.1914657
0.1914657
0.19145
0.19145
0.1914537
0.1914537
0.1914607
0.1914607
0.1914614
0.1914614
0.1914489
0.1914489
0.1914545
0.1914545
-1.0295137
-1.0295137
-1.0357018
-1.0357018
-1.035734
-1.035734
-1.0357264
-1.0357264
-1.0357362
-1.0357362
-1.0357455
-1.0357455
-1.035735
-1.035735
-1.0359927
-1.0359927
-1.0357509
-1.0357509
-1.0357411
-1.0357411
-1.0357316
-1.0357316
-1.0357491
-1.0357491
-1.0357316
-1.0357316
-1.0357416
-1.0357416
-1.0357537
-1.0357537
-1.035755
-1.035755
-1.035742
-1.035742
-1.0357459
-1.0357459
-1.0357442
-1.0357442
-1.0357344
-1.0357344
-1.0362095
-1.0362095
-1.0357552
-1.0357552
-1.0357511
-1.0357511
-1.0357526
-1.0357526
-1.035753
-1.035753
-1.0357434
-1.0357434
-1.0357519
-1.0357519
-1.0357682
-1.0357682
-1.0357448
-1.0357448
-1.0357718
-1.0357718
-1.0357593
-1.0357593
-1.0357584
-1.0357584
-1.0357618
-1.0357618
-1.0365843
-1.0365843
-1.0357923
-1.0357923
-1.0357586
-1.0357586
-1.0357746
-1.0357746
-1.0357604
-1.0357604
-1.0357781
-1.0357781
-1.0357803
-1.0357803
-1.0357805
-1.0357805
-1.0357814
-1.0357814
-1.0358032
-1.0358032
-1.0357863
-1.0357863
-1.0094786
-1.0094786
-1.0088298
-1.0088298
-1.0115938
-1.0115938
-1.0088868
-1.0088868
-1.0088719
-1.0088719
-1.0088736
-1.0088736
-1.0088475
-1.0088475
-1.0088767
-1.0088767
-1.0088784
-1.0088784
-1.0089081
-1.0089081
-1.008881
-1.008881
-1.0089098
-1.0089098
-1.0088533
-1.0088533
-1.0089382
-1.0089382
-1.0088818
-1.0088818
-1.0093796
-1.0093796
-1.0088747
-1.0088747
-1.0088683
-1.0088683
-1.0089138
-1.0089138
-1.0088586
-1.0088586
-1.00892
-1.00892
-1.0088859
-1.0088859
-1.0089103
-1.0089103
-1.0088395
-1.0088395
-1.0087963
-1.0087963
-1.0088336
-1.0088336
-1.0088061
-1.0088061
-1.0087828
-1.0087828
-1.0087735
-1.0087735
-1.008756
-1.008756
-1.0087562
-1.0087562
-1.0087515
-1.0087515
-1.008739
-1.008739
-1.0087257
-1.0087257
-1.0087168
-1.0087168
-1.0087104
-1.0087104
-1.0087027
-1.0087027
-1.0086953
-1.0086953
-1.0086436
-1.0086436
-1.0086753
-1.0086753
-1.0086709
-1.0086709
-1.0086743
-1.0086743
-1.008648
-1.008648
-1.0086602
-1.0086602
-1.0086581
-1.0086581
-1.0086566
-1.0086566
-1.0086645
-1.0086645
-1.0086552
-1.0086552
-1.0086552
-1.0086552
-1.0086467
-1.0086467
-1.0086565
-1.0086565
-1.0083992
-1.0083992
-1.0086582
-1.0086582
-1.0086699
-1.0086699
-1.0086777
-1.0086777
-1.0086851
-1.0086851
-1.0086841
-1.0086841
-1.0086792
-1.0086792
-1.0086907
-1.0086907
-1.0086938
-1.0086938
-1.0086981
-1.0086981
-1.0086978
-1.0086978
-1.008702
-1.008702
-1.0087036
-1.0087036
-1.0087087
-1.0087087
-1.0087111
-1.0087111
-1.0087146
-1.0087146
-1.0087144
-1.0087144
-1.0087191
-1.0087191
-1.0087215
-1.0087215
-1.0248873
-1.0248873
-1.0250171
-1.0250171
-1.0250198
-1.0250198
-1.025022
-1.025022
-1.0250235
-1.0250235
-1.0250176
-1.0250176
-1.0250272
-1.0250272
-1.025152
-1.025152
-1.0250345
-1.0250345
-1.0250269
-1.0250269
-1.0250373
-1.0250373
-1.025039
-1.025039
-1.0250304
-1.0250304
-1.0254679
-1.0254679
-1.0250619
-1.0250619
-1.0250512
-1.0250512
-1.0250408
-1.0250408
-1.0250535
-1.0250535
-1.0250552
-1.0250552
-1.0261905
-1.0261905
-1.0250845
-1.0250845
-1.0250668
-1.0250668
-1.0250527
-1.0250527
-1.0250662
-1.0250662
-1.0250535
-1.0250535
-1.0250952
-1.0250952
-1.0250682
-1.0250682
-1.0250698
-1.0250698
-1.025068
-1.025068
-1.0250539
-1.0250539
-1.0250693
-1.0250693
-1.0250687
-1.0250687
-1.6312535
-1.6312535
-1.6333091
-1.6333091
-1.6333203
-1.6333203
-1.6333194
-1.6333194
-1.6333066
-1.6333066
-1.6333217
-1.6333217
-1.6333061
-1.6333061
-1.633338
-1.633338
-1.6333222
-1.6333222
-1.633322
-1.633322
-1.6333232
-1.6333232
-1.6333222
-1.6333222
-1.6333379
-1.6333379
-1.6341146
-1.6341146
-1.6333248
-1.6333248
-1.6333048
-1.6333048
-1.6333455
-1.6333455
-1.63333
-1.63333
-1.633314
-1.633314
-1.6333005
-1.6333005
-1.6333247
-1.6333247
-1.63331
-1.63331
-1.633308
-1.633308
-1.6333292
-1.6333292
-1.6333025
-1.6333025
-1.6333003
-1.6333003
-1.6332882
-1.6332882
-1.633297
-1.633297
-1.633285
-1.633285
-1.6336273
-1.6336273
-1.6332967
-1.6332967
-1.6332787
-1.6332787
-1.6332777
-1.6332777
-1.6332692
-1.6332692
-1.6332748
-1.6332748
-1.6332734
-1.6332734
-1.6332721
-1.6332721
-1.6332765
-1.6332765
-1.6332688
-1.6332688
-1.633262
-1.633262
-1.633271
-1.633271
-2.5755587
-2.5755587
-2.5801021
-2.5801021
-2.5799696
-2.5799696
-2.5799649
-2.5799649
-2.5799604
-2.5799604
-2.5799653
-2.5799653
-2.5799653
-2.5799653
-2.5799606
-2.5799606
-2.57997
-2.57997
-2.579965
-2.579965
-2.5799649
-2.5799649
-2.5799602
-2.5799602
-2.5799647
-2.5799647
-2.5799648
-2.5799648
-2.5799744
-2.5799744
-2.5799698
-2.5799698
-2.5799701
-2.5799701
-2.5799654
-2.5799654
-2.5799655
-2.5799655
-2.5799607
-2.5799607
-2.5799704
-2.5799704
-2.5801536
-2.5801536
-2.5799665
-2.5799665
-2.5799655
-2.5799655
-2.5799657
-2.5799657
-2.5799609
-2.5799609
-2.5799705
-2.5799705
-2.5799708
-2.5799708
-2.5799756
-2.5799756
-2.5799658
-2.5799658
-2.5799658
-2.5799658
-2.5799609
-2.5799609
-2.5799661
-2.5799661
-2.5801161
-2.5801161
-2.5799584
-2.5799584
-2.5799588
-2.5799588
-2.5799601
-2.5799601
-2.5799615
-2.5799615
-2.579962
-2.579962
-2.579963
-2.579963
-2.5801785
-2.5801785
-2.5799673
-2.5799673
-2.5799665
-2.5799665
-3.0432626
-3.0432626
-3.0454576
-3.0454576
-3.0454726
-3.0454726
-3.0454751
-3.0454751
-3.0454734
-3.0454734
-3.0454689
-3.0454689
-3.0454638
-3.0454638
-3.0454695
-3.0454695
-3.0454694
-3.0454694
-3.0454629
-3.0454629
-3.0455125
-3.0455125
-3.0454686
-3.0454686
-3.0454644
-3.0454644
-3.0454671
-3.0454671
-3.0454699
-3.0454699
-3.0454678
-3.0454678
-3.0457459
-3.0457459
-3.0454712
-3.0454712
-3.0454685
-3.0454685
-3.0454644
-3.0454644
-3.0454694
-3.0454694
-3.0454687
-3.0454687
-3.0454655
-3.0454655
-3.045475
-3.045475
-3.0454729
-3.0454729
-3.0454634
-3.0454634
-3.0454788
-3.0454788
-3.0454689
-3.0454689
-3.0454695
-3.0454695
-3.0457858
-3.0457858
-3.045475
-3.045475
-3.045464
-3.045464
-3.0454694
-3.0454694
-3.0454731
-3.0454731
-3.045469
-3.045469
-3.0454732
-3.0454732
-3.0454695
-3.0454695
-3.0454744
-3.0454744
-3.0454677
-3.0454677
-3.0454689
-3.0454689
-3.0454692
-3.0454692
-3.0454612
-3.0454612
-3.0178221
-3.0178221
-3.0175774
-3.0175774
-3.0175764
-3.0175764
-3.0175753
-3.0175753
-3.0175772
-3.0175772
-3.0175764
-3.0175764
-3.0177035
-3.0177035
-3.0175754
-3.0175754
-3.0175764
-3.0175764
-3.0175767
-3.0175767
-3.0175705
-3.0175705
-3.017576
-3.017576
-3.0175762
-3.0175762
-3.0177039
-3.0177039
-3.0175758
-3.0175758
-3.0175744
-3.0175744
-3.0175723
-3.0175723
-3.0175743
-3.0175743
-3.0175781
-3.0175781
-3.0176192
-3.0176192
-3.0175899
-3.0175899
-3.0175861
-3.0175861
-3.0175901
-3.0175901
-3.0175775
-3.0175775
-3.0175765
-3.0175765
-3.0175769
-3.0175769
-3.0175824
-3.0175824
-3.0175843
-3.0175843
-3.0175786
-3.0175786
-3.0175717
-3.0175717
-3.0175764
-3.0175764
-3.0175764
-3.0175764
-3.0175703
-3.0175703
-3.017578
-3.017578
-3.0175882
-3.0175882
-3.0175807
-3.0175807
-3.0175721
-3.0175721
-3.0175756
-3.0175756
-3.0175772
-3.0175772
-3.0175712
-3.0175712
-3.0178187
-3.0178187
-3.017577
-3.017577
-3.0175736
-3.0175736
-3.0175771
-3.0175771
-3.017574
-3.017574
-3.0175712
-3.0175712
-3.017584
-3.017584
-3.0175762
-3.0175762
-3.0175765
-3.0175765
-3.0175745
-3.0175745
-3.0175779
-3.0175779
-3.0175739
-3.0175739
-2.9870409
-2.9870409
-2.9870901
-2.9870901
-2.9869321
-2.9869321
-2.9869316
-2.9869316
-2.986927
-2.986927
-2.9869295
-2.9869295
-2.9869317
-2.9869317
-2.9869256
-2.9869256
-2.9869362
-2.9869362
-2.9869366
-2.9869366
-2.9869318
-2.9869318
-2.9869264
-2.9869264
-2.9869363
-2.9869363
-2.9869309
-2.9869309
-2.9871936
-2.9871936
-2.9869338
-2.9869338
-2.9869322
-2.9869322
-2.9869324
-2.9869324
-2.9869422
-2.9869422
-2.986932
-2.986932
-2.9869376
-2.9869376
-2.9869332
-2.9869332
-2.9869335
-2.9869335
-2.986933
-2.986933
-2.9869273
-2.9869273
-2.9869386
-2.9869386
-2.9869318
-2.9869318
-2.986951
-2.986951
-2.9869316
-2.9869316
-2.9869309
-2.9869309
-2.9869314
-2.9869314
-2.9869625
-2.9869625
-2.9869329
-2.9869329
-2.9869332
-2.9869332
-2.9869336
-2.9869336
-2.9869336
-2.9869336
-2.9869328
-2.9869328
-2.9869333
-2.9869333
-2.9869423
-2.9869423
-2.9869376
-2.9869376
-2.9869267
-2.9869267
-2.9869318
-2.9869318
-2.986932
-2.986932
-2.9869271
-2.9869271
-2.9872015
-2.9872015
-2.9869376
-2.9869376
-2.986926
-2.986926
-2.9869311
-2.9869311
-2.986932
-2.986932
-2.9869274
-2.9869274
-2.9869128
-2.9869128
-2.9869451
-2.9869451
-2.9869336
-2.9869336
-2.9869332
-2.9869332
-2.9869281
-2.9869281
-2.9869329
-2.9869329
-2.9869336
-2.9869336
-2.986944
-2.986944
-2.9869333
-2.9869333
-2.9869366
-2.9869366
-2.98693
-2.98693
-2.9869282
-2.9869282
-2.9869266
-2.9869266
-2.9869246
-2.9869246
-2.9869296
-2.9869296
-2.9869171
-2.9869171
-2.9869149
-2.9869149
-2.9869117
-2.9869117
-2.9869066
-2.9869066
-2.9869044
-2.9869044
-2.9869009
-2.9869009
-2.9868972
-2.9868972
-2.9868949
-2.9868949
-2.9868932
-2.9868932
-2.986891
-2.986891
-2.9868891
-2.9868891
-2.986731
-2.986731
-2.9868758
-2.9868758
-2.9868793
-2.9868793
-2.9868744
-2.9868744
-2.9868732
-2.9868732
-2.9868766
-2.9868766
-2.9868717
-2.9868717
-2.9868641
-2.9868641
-2.9868637
-2.9868637
-2.9868681
-2.9868681
-2.9868607
-2.9868607
-2.9868668
-2.9868668
-2.9868663
-2.9868663
-2.9866271
-2.9866271
-2.9868569
-2.9868569
-2.9868689
-2.9868689
-2.9868632
-2.9868632
-2.9868629
-2.9868629
-2.9868622
-2.9868622
-2.9868619
-2.9868619
-2.986842
-2.986842
-2.986862
-2.986862
-2.9868612
-2.9868612
-2.9868613
-2.9868613
-2.9868619
-2.9868619
-2.9868616
-2.9868616
-2.9864061
-2.9864061
-2.986843
-2.986843
-2.9868597
-2.9868597
-2.9868595
-2.9868595
-2.9868664
-2.9868664
-2.9868619
-2.9868619
-2.9868623
-2.9868623
-2.9868517
-2.9868517
-2.9868602
-2.9868602
-2.9868685
-2.9868685
-2.9868612
-2.9868612
-2.9868581
-2.9868581
-2.98686
-2.98686
-2.9866146
-2.9866146
-2.9868566
-2.9868566
-2.9868652
-2.9868652
-2.9868573
-2.9868573
-2.9868573
-2.9868573
-2.9868658
-2.9868658
-2.9868519
-2.9868519
-2.9865106
-2.9865106
-2.986848
-2.986848
-2.9868578
-2.9868578
-2.9868585
-2.9868585
-2.9868589
-2.9868589
-2.9868651
-2.9868651
-2.9868521
-2.9868521
-2.9868578
-2.9868578
-2.9868576
-2.9868576
-2.9868574
-2.9868574
-2.9868505
-2.9868505
-2.9868571
-2.9868571
-2.9866218
-2.9866218
-2.9868483
-2.9868483
-2.9868584
-2.9868584
-2.9868643
-2.9868643
-2.2731449
-2.2731449
-2.2696281
-2.2696281
-2.2696112
-2.2696112
-2.2696039
-2.2696039
-2.2696117
-2.2696117
-2.2696104
-2.2696104
-2.269617
-2.269617
-2.2696097
-2.2696097
-2.2696098
-2.2696098
-2.2695962
-2.2695962
-2.2696043
-2.2696043
-2.2696205
-2.2696205
-2.2696097
-2.2696097
-2.2696174
-2.2696174
-2.2696201
-2.2696201
-2.2696217
-2.2696217
-2.2695762
-2.2695762
-2.2696332
-2.2696332
-2.2696384
-2.2696384
-2.2696376
-2.2696376
-2.2696422
-2.2696422
-2.269642
-2.269642
-2.2696421
-2.2696421
-2.2696461
-2.2696461
-2.2696486
-2.2696486
-2.2696495
-2.2696495
-2.2696518
-2.2696518
-2.2696541
-2.2696541
-2.2697846
-2.2697846
-2.2696709
-2.2696709
-2.2696716
-2.2696716
-2.269677
-2.269677
-2.2696789
-2.2696789
-2.2696769
-2.2696769
-2.2696784
-2.2696784
-2.2696798
-2.2696798
-2.2696814
-2.2696814
-2.2696779
-2.2696779
-2.2696898
-2.2696898
-2.2696857
-2.2696857
-2.2696868
-2.2696868
-2.2699386
-2.2699386
-2.2696868
-2.2696868
-2.2696858
-2.2696858
-2.269701
-2.269701
-2.269691
-2.269691
-2.2696856
-2.2696856
-1.2931364
-1.2931364
-1.2882132
-1.2882132
-1.2881829
-1.2881829
-1.2881883
-1.2881883
-1.2881992
-1.2881992
-1.2881879
-1.2881879
-1.2881877
-1.2881877
-1.2881822
-1.2881822
-1.2881876
-1.2881876
-1.2881876
-1.2881876
-1.2885542
-1.2885542
-1.2881951
-1.2881951
-1.2881879
-1.2881879
-1.2881878
-1.2881878
-1.2881824
-1.2881824
-1.2881881
-1.2881881
-1.2881826
-1.2881826
-1.2882048
-1.2882048
-1.2881879
-1.2881879
-1.2881881
-1.2881881
-1.2881936
-1.2881936
-1.288188
-1.288188
-1.2881878
-1.2881878
-1.2884521
-1.2884521
-1.2881898
-1.2881898
-1.2881893
-1.2881893
-1.2881867
-1.2881867
-1.2881875
-1.2881875
-1.2881815
-1.2881815
-1.2882018
-1.2882018
-1.2881868
-1.2881868
-1.2881875
-1.2881875
-1.2881873
-1.2881873
-1.2881823
-1.2881823
-1.2881978
-1.2881978
-1.2881936
-1.2881936
-1.2881827
-1.2881827
-1.2881859
-1.2881859
-1.2881812
-1.2881812
-1.2881873
-1.2881873
-1.2881869
-1.2881869
-1.2881877
-1.2881877
-1.2882527
-1.2882527
-1.0263587
-1.0263587
-1.0250281
-1.0250281
-1.0250136
-1.0250136
-1.0250156
-1.0250156
-1.025027
-1.025027
-1.0250161
-1.0250161
-1.0250148
-1.0250148
-1.0250149
-1.0250149
-1.02501
-1.02501
-1.0250133
-1.0250133
-1.0250157
-1.0250157
-1.025014
-1.025014
-1.0252379
-1.0252379
-1.0250154
-1.0250154
-1.0250153
-1.0250153
-1.0250094
-1.0250094
-1.0250139
-1.0250139
-1.0250192
-1.0250192
-1.025021
-1.025021
-1.025027
-1.025027
-1.0250197
-1.0250197
-1.0250094
-1.0250094
-1.025014
-1.025014
-1.0250156
-1.0250156
-1.0250146
-1.0250146
-1.0250099
-1.0250099
-1.0250257
-1.0250257
-1.0250249
-1.0250249
-1.0250154
-1.0250154
-1.0250138
-1.0250138
-1.0250107
-1.0250107
-1.0250152
-1.0250152
-1.0250968
-1.0250968
-1.025016
-1.025016
-1.0250137
-1.0250137
-1.0250089
-1.0250089
-1.0250133
-1.0250133
-1.0250139
-1.0250139
-1.0250252
-1.0250252
-1.0250153
-1.0250153
-1.0250148
-1.0250148
-1.0250205
-1.0250205
-1.0250164
-1.0250164
-1.0250139
-1.0250139
-1.0250107
-1.0250107
-1.0250395
-1.0250395
-1.0250168
-1.0250168
-1.0250081
-1.0250081
-1.025016
-1.025016
-1.0250099
-1.0250099
-1.0250128
-1.0250128
-1.02506
-1.02506
-1.025015
-1.025015
-1.0250165
-1.0250165
-1.025018
-1.025018
-1.0250148
-1.0250148
-1.0250147
-1.0250147
-1.0250129
-1.0250129
-1.0250596
-1.0250596
-1.0250142
-1.0250142
-1.0250098
-1.0250098
-1.0250158
-1.0250158
-1.0250151
-1.0250151
-1.0250098
-1.0250098
-1.0251054
-1.0251054
-1.0250154
-1.0250154
-1.0250132
-1.0250132
-1.0250229
-1.0250229
-1.0250154
-1.0250154
-1.0250206
-1.0250206
-1.0250209
-1.0250209
-1.0250226
-1.0250226
-1.0250137
-1.0250137
-1.0250146
-1.0250146
-1.0250147
-1.0250147
-1.0250099
-1.0250099
-1.0250135
-1.0250135
-1.0250311
-1.0250311
-1.0250169
-1.0250169
-1.0250144
-1.0250144
-1.0250172
-1.0250172
-1.0250095
-1.0250095
-1.0250155
-1.0250155
-1.0250745
-1.0250745
-1.0250156
-1.0250156
-1.025013
-1.025013
-1.0250155
-1.0250155
-1.0250105
-1.0250105
-1.0250143
-1.0250143
-1.0250093
-1.0250093
-1.0250816
-1.0250816
-1.0250146
-1.0250146
-1.025008
-1.025008
-1.0250142
-1.0250142
-1.0250143
-1.0250143
-1.0250157
-1.0250157
-1.025032
-1.025032
-1.0250215
-1.0250215
-1.0250152
-1.0250152
-1.0250197
-1.0250197
-1.0250089
-1.0250089
-1.0250158
-1.0250158
-1.0250279
-1.0250279
-1.0250221
-1.0250221
-1.0250093
-1.0250093
-1.0250158
-1.0250158
-1.0250093
-1.0250093
-1.0250148
-1.0250148
-1.0250146
-1.0250146
-1.0250613
-1.0250613
-1.0250148
-1.0250148
-1.0250147
-1.0250147
-1.0250148
-1.0250148
-1.0250246
-1.0250246
-1.0250157
-1.0250157
-1.0250267
-1.0250267
-1.0250207
-1.0250207
-1.025015
-1.025015
-1.025009
-1.025009
-1.0250133
-1.0250133
-1.0250242
-1.0250242
-1.0250151
-1.0250151
-1.0250146
-1.0250146
-1.0250099
-1.0250099
-1.0250161
-1.0250161
-1.0250156
-1.0250156
-1.0088426
-1.0088426
-1.0087466
-1.0087466
-1.008763
-1.008763
-1.0087401
-1.0087401
-1.0087407
-1.0087407
-1.0087346
-1.0087346
-1.0087395
-1.0087395
-1.0087341
-1.0087341
-1.0087438
-1.0087438
-1.008739
-1.008739
-1.008739
-1.008739
-1.0087398
-1.0087398
-1.008741
-1.008741
-1.0087349
-1.0087349
-1.0087581
-1.0087581
-1.0087831
-1.0087831
-1.00874
-1.00874
-1.0087451
-1.0087451
-1.008745
-1.008745
-1.0087345
-1.0087345
-1.0087399
-1.0087399
-1.008745
-1.008745
-1.008745
-1.008745
-1.0087392
-1.0087392
-1.0087346
-1.0087346
-1.0087455
-1.0087455
-1.0087405
-1.0087405
-1.0087414
-1.0087414
-1.0087521
-1.0087521
-1.0087409
-1.0087409
-1.0087408
-1.0087408
-1.0087403
-1.0087403
-1.0087458
-1.0087458
-1.0087454
-1.0087454
-1.0087456
-1.0087456
-1.0087405
-1.0087405
-1.0087407
-1.0087407
-1.0087346
-1.0087346
-1.0087406
-1.0087406
-1.0087467
-1.0087467
-1.0087696
-1.0087696
-1.008741
-1.008741
-1.0087399
-1.0087399
-1.0087394
-1.0087394
-1.0087345
-1.0087345
-1.0087966
-1.0087966
-1.0087419
-1.0087419
-1.0087414
-1.0087414
-1.0087413
-1.0087413
-1.0087411
-1.0087411
-1.0087404
-1.0087404
-1.0087508
-1.0087508
-1.0087404
-1.0087404
-1.0087404
-1.0087404
-1.0087406
-1.0087406
-1.0087347
-1.0087347
-1.0087381
-1.0087381
-1.0087318
-1.0087318
-1.0087462
-1.0087462
-1.0087362
-1.0087362
-1.0087272
-1.0087272
-1.0087209
-1.0087209
-1.0087201
-1.0087201
-1.0087162
-1.0087162
-1.0087082
-1.0087082
-1.0087049
-1.0087049
-1.0087032
-1.0087032
-1.0087022
-1.0087022
-1.0086998
-1.0086998
-1.0086977
-1.0086977
-1.0086958
-1.0086958
-0.9825385
-0.9825385
-0.9825876
-0.9825876
-0.9825959
-0.9825959
-0.9825839
-0.9825839
-0.9825937
-0.9825937
-0.9825926
-0.9825926
-0.9825975
-0.9825975
-0.9825915
-0.9825915
-0.9825803
-0.9825803
-0.9825909
-0.9825909
-0.9825894
-0.9825894
-0.9825893
-0.9825893
-0.9825946
-0.9825946
-0.9825886
-0.9825886
-0.9825761
-0.9825761
-0.9825873
-0.9825873
-0.9825869
-0.9825869
-0.9825809
-0.9825809
-0.9825865
-0.9825865
-0.9825732
-0.9825732
-0.9825855
-0.9825855
-0.9825845
-0.9825845
-0.982583
-0.982583
-0.9825904
-0.9825904
-0.9825837
-0.9825837
-0.9825759
-0.9825759
-0.9825756
-0.9825756
-0.9825823
-0.9825823
-0.9825881
-0.9825881
-0.9825819
-0.9825819
-0.9825818
-0.9825818
-0.9825809
-0.9825809
-0.9824395
-0.9824395
-0.98258
-0.98258
-0.9825805
-0.9825805
-0.982587
-0.982587
-0.9825788
-0.9825788
-0.9825648
-0.9825648
-0.982578
-0.982578
-0.9825785
-0.9825785
-0.982564
-0.982564
-0.9825787
-0.9825787
-0.9825789
-0.9825789
-0.9825786
-0.9825786
-0.9825648
-0.9825648
-0.9825774
-0.9825774
-0.9825635
-0.9825635
-0.9825782
-0.9825782
-0.9825858
-0.9825858
-0.9825773
-0.9825773
-0.9825782
-0.9825782
-0.9825775
-0.9825775
-0.9825693
-0.9825693
-0.8290953
-0.8290953
-0.8285993
-0.8285993
-0.8285974
-0.8285974
-0.8286032
-0.8286032
-0.8285892
-0.8285892
-0.8285901
-0.8285901
-0.8286039
-0.8286039
-0.8285899
-0.8285899
-0.8285822
-0.8285822
-0.8285968
-0.8285968
-0.8286045
-0.8286045
-0.8285969
-0.8285969
-0.8285975
-0.8285975
-0.8285594
-0.8285594
-0.8285971
-0.8285971
-0.8286053
-0.8286053
-0.8285972
-0.8285972
-0.8285981
-0.8285981
-0.8285981
-0.8285981
-0.8284902
-0.8284902
-0.8285964
-0.8285964
-0.828597
-0.828597
-0.8285903
-0.8285903
-0.82859
-0.82859
-0.8285979
-0.8285979
-0.8285987
-0.8285987
-0.8286055
-0.8286055
-0.8285979
-0.8285979
-0.8285993
-0.8285993
-0.8285986
-0.8285986
-0.828598
-0.828598
-0.8285843
-0.8285843
-0.8285989
-0.8285989
-0.8286055
-0.8286055
-0.8285988
-0.8285988
-0.828464
-0.828464
-0.8286018
-0.8286018
-0.8286034
-0.8286034
-0.8286112
-0.8286112
-0.8286079
-0.8286079
-0.8286098
-0.8286098
-0.828608
-0.828608
-0.8286112
-0.8286112
-0.828622
-0.828622
-0.8286213
-0.8286213
-0.8286237
-0.8286237
-0.8286262
-0.8286262
-0.8286309
-0.8286309
0.1543662
0.1543662
0.1601509
0.1601509
0.1601851
0.1601851
0.1601974
0.1601974
0.1601922
0.1601922
0.1601987
0.1601987
0.1601936
0.1601936
0.1601841
0.1601841
0.1601955
0.1601955
0.1601907
0.1601907
0.1601959
0.1601959
0.1601958
0.1601958
0.1602007
0.1602007
0.160195
0.160195
0.1601894
0.1601894
0.1601837
0.1601837
0.1601946
0.1601946
0.1601946
0.1601946
0.1602001
0.1602001
0.1601946
0.1601946
0.1601894
0.1601894
0.1601894
0.1601894
0.1602004
0.1602004
0.1601952
0.1601952
0.1601951
0.1601951
0.1602005
0.1602005
0.1601897
0.1601897
0.1601897
0.1601897
0.1601786
0.1601786
0.1602001
0.1602001
0.1601946
0.1601946
0.1602001
0.1602001
0.1601948
0.1601948
0.1601895
0.1601895
0.1601895
0.1601895
0.160195
0.160195
0.1602003
0.1602003
0.1601951
0.1601951
0.1602003
0.1602003
0.1601896
0.1601896
0.1601948
0.1601948
0.1601352
0.1601352
0.1601945
0.1601945
0.1601948
0.1601948
0.1601901
0.1601901
0.1601963
0.1601963
0.160197
0.160197
0.1602017
0.1602017
0.1601975
0.1601975
0.1601958
0.1601958
0.1602009
0.1602009
0.16019
0.16019
0.1602001
0.1602001
0.1601966
0.1601966
2.0569203
2.0569203
2.0669458
2.0669458
2.0670118
2.0670118
2.067014
2.067014
2.0670079
2.0670079
2.067012
2.067012
2.0670185
2.0670185
2.0670125
2.0670125
2.0670031
2.0670031
2.0670109
2.0670109
2.0670123
2.0670123
2.0670126
2.0670126
2.0670172
2.0670172
2.0670139
2.0670139
2.0670106
2.0670106
2.0667713
2.0667713
2.0670118
2.0670118
2.067003
2.067003
2.0670134
2.0670134
2.0670111
2.0670111
2.0670128
2.0670128
2.0670183
2.0670183
2.0670125
2.0670125
2.0670143
2.0670143
2.0670131
2.0670131
2.0670027
2.0670027
2.0670187
2.0670187
2.0670143
2.0670143
2.0670126
2.0670126
2.0670128
2.0670128
2.0669965
2.0669965
2.0670113
2.0670113
2.0670144
2.0670144
2.0670116
2.0670116
2.067016
2.067016
2.0670142
2.0670142
2.0670117
2.0670117
2.066921
2.066921
2.0670101
2.0670101
1.0819314
1.0819314
1.0769983
1.0769983
1.0769819
1.0769819
1.0769838
1.0769838
1.0769846
1.0769846
1.0769796
1.0769796
1.0769848
1.0769848
1.0769857
1.0769857
1.076983
1.076983
1.0769771
1.0769771
1.0769832
1.0769832
1.0768485
1.0768485
1.0769843
1.0769843
1.0769817
1.0769817
1.0769841
1.0769841
1.0769834
1.0769834
1.0769881
1.0769881
1.0769784
1.0769784
1.0769732
1.0769732
1.07698
1.07698
1.0769857
1.0769857
1.0769901
1.0769901
1.0769848
1.0769848
1.0769903
1.0769903
1.0769408
1.0769408
1.0769842
1.0769842
1.0769826
1.0769826
1.0769864
1.0769864
1.0769892
1.0769892
1.0769852
1.0769852
1.0769847
1.0769847
1.076972
1.076972
1.0769817
1.0769817
1.0769821
1.0769821
1.0769832
1.0769832
1.0769882
1.0769882
1.0769833
1.0769833
1.0769706
1.0769706
1.0769824
1.0769824
1.076991
1.076991
1.0769842
1.0769842
1.0769886
1.0769886
1.0769848
1.0769848
1.076984
1.076984
1.0769726
1.0769726
1.076983
1.076983
1.0769836
1.0769836
1.0769825
1.0769825
1.0769896
1.0769896
1.076969
1.076969
1.0769767
1.0769767
1.076972
1.076972
1.0769746
1.0769746
1.0769647
1.0769647
1.076985
1.076985
1.0769831
1.0769831
1.0769888
1.0769888
1.076985
1.076985
1.0769732
1.0769732
1.0769839
1.0769839
1.0769859
1.0769859
1.0769845
1.0769845
1.0769844
1.0769844
1.0769889
1.0769889
1.0769789
1.0769789
1.0477358
1.0477358
1.0476474
1.0476474
1.047518
1.047518
1.0476508
1.0476508
1.047653
1.047653
1.0476571
1.0476571
1.047653
1.047653
1.0476536
1.0476536
1.0476455
1.0476455
1.047654
1.047654
1.047656
1.047656
1.0476539
1.0476539
1.0476421
1.0476421
1.0476531
1.0476531
1.0476581
1.0476581
1.0474785
1.0474785
1.0476516
1.0476516
1.0476586
1.0476586
1.0476417
1.0476417
1.0476468
1.0476468
1.0476529
1.0476529
1.0476582
1.0476582
1.0476553
1.0476553
1.0476489
1.0476489
1.0476539
1.0476539
1.0476485
1.0476485
1.047648
1.047648
1.0476532
1.0476532
1.0476534
1.0476534
1.0476576
1.0476576
1.047653
1.047653
1.0476589
1.0476589
1.047518
1.047518
1.0476521
1.0476521
1.0476525
1.0476525
1.0476538
1.0476538
1.047648
1.047648
1.0476493
1.0476493
1.0476491
1.0476491
1.0476593
1.0476593
1.0476545
1.0476545
1.0476541
1.0476541
1.0476538
1.0476538
1.0476581
1.0476581
1.0476478
1.0476478
2.2449311
2.2449311
2.251015
2.251015
2.2510515
2.2510515
2.251058
2.251058
2.2510474
2.2510474
2.2510523
2.2510523
2.2510415
2.2510415
2.2510471
2.2510471
2.2510464
2.2510464
2.2510524
2.2510524
2.2510524
2.2510524
2.2510584
2.2510584
2.2510466
2.2510466
2.2510128
2.2510128
2.2510569
2.2510569
2.2510515
2.2510515
2.2510528
2.2510528
2.2510537
2.2510537
2.2510545
2.2510545
2.2510223
2.2510223
2.2510524
2.2510524
2.2510516
2.2510516
2.2510513
2.2510513
2.2510568
2.2510568
2.2510514
2.2510514
2.2510305
2.2510305
2.2510516
2.2510516
2.2510569
2.2510569
2.2510512
2.2510512
2.251051
2.251051
2.251057
2.251057
2.2510523
2.2510523
2.2510161
2.2510161
2.2510598
2.2510598
2.2510605
2.2510605
2.251068
2.251068
2.251072
2.251072
2.2510745
2.2510745
2.2511053
2.2511053
2.2510908
2.2510908
2.251097
2.251097
2.2511016
2.2511016
2.2510988
2.2510988
2.2511005
2.2511005
2.2511012
2.2511012
2.2511031
2.2511031
2.2511079
2.2511079
2.2511072
2.2511072
2.2511067
2.2511067
2.2511188
2.2511188
2.2511113
2.2511113
2.2511073
2.2511073
1.0983913
1.0983913
1.0926558
1.0926558
1.0926278
1.0926278
1.092651
1.092651
1.0926303
1.0926303
1.0926305
1.0926305
1.0926313
1.0926313
1.0926326
1.0926326
1.0926268
1.0926268
1.0927317
1.0927317
1.0926365
1.0926365
1.0926376
1.0926376
1.0926304
1.0926304
1.0926375
1.0926375
1.0926371
1.0926371
1.0926309
1.0926309
1.0927714
1.0927714
1.0926385
1.0926385
1.0926394
1.0926394
1.0926547
1.0926547
1.0926458
1.0926458
1.0926492
1.0926492
1.0926331
1.0926331
1.0926398
1.0926398
1.0926401
1.0926401
1.0926335
1.0926335
1.0926565
1.0926565
1.0926413
1.0926413
1.0926415
1.0926415
1.0926416
1.0926416
1.0926415
1.0926415
1.0926331
1.0926331
1.0926403
1.0926403
1.0926634
1.0926634
1.09264
1.09264
1.0926401
1.0926401
1.0926412
1.0926412
1.0926405
1.0926405
1.0926406
1.0926406
1.092701
1.092701
1.0926331
1.0926331
1.09264
1.09264
1.0926401
1.0926401
1.0926322
1.0926322
1.0926538
1.0926538
1.0926392
1.0926392
1.0926392
1.0926392
1.0926384
1.0926384
1.0926384
1.0926384
1.0926313
1.0926313
1.0926381
1.0926381
1.092645
1.092645
1.0926732
1.0926732
1.0926381
1.0926381
1.092638
1.092638
1.092638
1.092638
1.4408255
1.4408255
1.4425633
1.4425633
1.4425656
1.4425656
1.442558
1.442558
1.4425503
1.4425503
1.4425565
1.4425565
1.4425563
1.4425563
1.4425497
1.4425497
1.4425629
1.4425629
1.4430069
1.4430069
1.4425597
1.4425597
1.4425501
1.4425501
1.4425565
1.4425565
1.4425647
1.4425647
1.4425495
1.4425495
1.442556
1.442556
1.4425701
1.4425701
1.4425632
1.4425632
1.4425567
1.4425567
1.4425566
1.4425566
1.4425583
1.4425583
1.4425582
1.4425582
1.442681
1.442681
1.4425586
1.4425586
1.4425574
1.4425574
1.4425496
1.4425496
1.4425558
1.4425558
1.4425668
1.4425668
1.4425516
1.4425516
1.4425496
1.4425496
1.4425581
1.4425581
1.4425629
1.4425629
1.4425487
1.4425487
1.4425414
1.4425414
1.4425319
1.4425319
1.4425331
1.4425331
1.4425305
1.4425305
1.4425256
1.4425256
1.4425267
1.4425267
1.4425241
1.4425241
1.4425214
1.4425214
1.4425197
1.4425197
1.4425185
1.4425185
1.4425159
1.4425159
1.4425144
1.4425144
1.4424743
1.4424743
1.4424937
1.4424937
1.442501
1.442501
1.4425019
1.4425019
1.4424977
1.4424977
1.4424962
1.4424962
1.442498
1.442498
2.4205218
2.4205218
2.4255431
2.4255431
2.4255607
2.4255607
2.4255663
2.4255663
2.4255665
2.4255665
2.4255666
2.4255666
2.4255734
2.4255734
2.4254595
2.4254595
2.4255704
2.4255704
2.4255707
2.4255707
2.4255757
2.4255757
2.4255704
2.4255704
2.42557
2.42557
2.4255592
2.4255592
2.4255695
2.4255695
2.4255588
2.4255588
2.4255695
2.4255695
2.4255697
2.4255697
2.4255594
2.4255594
2.4255702
2.4255702
2.4255703
2.4255703
2.4255703
2.4255703
2.4255754
2.4255754
2.42557
2.42557
2.4255699
