0.04544796
0.04544796
0.96312619
0.96312619
0.90458492
0.90458492
0.90756973
0.90756973
0.90889027
0.90889027
0.90920084
0.90920084
0.73746743
0.73746743
0.68409964
0.68409964
0.91852709
0.91852709
1.25445402
1.25445402
1.2183533
1.2183533
1.09686325
1.09686325
1.25670793
1.25670793
1.65175797
1.65175797
1.70038697
1.70038697
1.69997521
1.69997521
1.69998437
1.69998437
1.69999039
1.69999039
1.69999386
1.69999386
1.69999356
1.69999356
1.69999485
1.69999485
1.69999688
1.69999688
1.69999788
1.69999788
1.69999857
1.69999857
1.69999907
1.69999907
1.69999959
1.69999959
1.69999979
1.69999979
1.70000025
1.70000025
1.70000043
1.70000043
1.7000007
1.7000007
1.70000067
1.70000067
1.70000104
1.70000104
1.70000105
1.70000105
1.70000124
1.70000124
1.70000095
1.70000095
1.70000095
1.70000095
1.70000109
1.70000109
1.70000096
1.70000096
1.70000109
1.70000109
1.7000015
1.7000015
1.70000119
1.70000119
1.70000166
1.70000166
1.70000136
1.70000136
1.70000143
1.70000143
1.70000187
1.70000187
1.70000148
1.70000148
1.70000159
1.70000159
1.70000148
1.70000148
1.70000138
1.70000138
1.70000129
1.70000129
1.70000112
1.70000112
1.70000137
1.70000137
1.70000132
1.70000132
1.70000133
1.70000133
1.70000126
1.70000126
1.70000188
1.70000188
1.70000129
1.70000129
1.70000109
1.70000109
1.70000135
1.70000135
1.61257618
1.61257618
1.61250192
1.61250192
1.6125012
1.6125012
1.61250162
1.61250162
1.61250182
1.61250182
1.6125017
1.6125017
1.61250199
1.61250199
1.61250168
1.61250168
1.61250126
1.61250126
1.61250136
1.61250136
1.61250123
1.61250123
1.61250134
1.61250134
1.61250131
1.61250131
1.61250146
1.61250146
1.61250151
1.61250151
1.61250132
1.61250132
1.61250122
1.61250122
1.61250102
1.61250102
1.61250161
1.61250161
1.61250127
1.61250127
1.61250627
1.61250627
1.61250136
1.61250136
1.61250142
1.61250142
1.61250131
1.61250131
1.61250116
1.61250116
1.61250145
1.61250145
1.61250189
1.61250189
1.61250138
1.61250138
1.6125013
1.6125013
1.61250137
1.61250137
1.61250137
1.61250137
1.61250107
1.61250107
1.61250156
1.61250156
1.61250413
1.61250413
1.61250137
1.61250137
1.61250112
1.61250112
1.61250135
1.61250135
1.61250132
1.61250132
1.61250151
1.61250151
1.61250165
1.61250165
1.61250136
1.61250136
1.61250115
1.61250115
1.61250134
1.61250134
1.61250135
1.61250135
1.61250155
1.61250155
1.61250126
1.61250126
1.61250854
1.61250854
1.61250145
1.61250145
1.61250136
1.61250136
1.61250136
1.61250136
1.61250186
1.61250186
1.6125013
1.6125013
1.61250138
1.61250138
1.61250115
1.61250115
1.61250138
1.61250138
1.61250135
1.61250135
1.61250136
1.61250136
1.61250139
1.61250139
1.61250164
1.61250164
1.49688365
1.49688365
1.49687639
1.49687639
1.49687619
1.49687619
1.49687636
1.49687636
1.49687714
1.49687714
1.49687643
1.49687643
1.49687669
1.49687669
1.49687646
1.49687646
1.49687617
1.49687617
1.49687641
1.49687641
1.49687637
1.49687637
1.49687684
1.49687684
1.49687635
1.49687635
1.49687662
1.49687662
1.49687636
1.49687636
1.49687613
1.49687613
1.49687634
1.49687634
1.49688138
1.49688138
1.49687639
1.49687639
1.49687688
1.49687688
1.49687692
1.49687692
1.49687668
1.49687668
1.49687714
1.49687714
1.49687689
1.49687689
1.49687662
1.49687662
1.49687638
1.49687638
1.49687637
1.49687637
1.49687614
1.49687614
1.49687638
1.49687638
1.49687686
1.49687686
1.4968764
1.4968764
1.49687664
1.49687664
1.49687644
1.49687644
1.49687621
1.49687621
1.49687644
1.49687644
1.49687648
1.49687648
1.49688001
1.49688001
1.49687641
1.49687641
1.49687641
1.49687641
1.49687645
1.49687645
1.49687651
1.49687651
1.49687698
1.49687698
1.49687646
1.49687646
1.49687643
1.49687643
1.4968764
1.4968764
1.49687616
1.49687616
1.49687637
1.49687637
1.49687687
1.49687687
1.49687667
1.49687667
1.49687645
1.49687645
1.49687621
1.49687621
1.49687644
1.49687644
1.49687643
1.49687643
1.49687618
1.49687618
1.49687978
1.49687978
1.49687608
1.49687608
1.39375167
1.39375167
1.39375089
1.39375089
1.39375057
1.39375057
1.3937503
1.3937503
1.39375017
1.39375017
1.39375014
1.39375014
1.39374997
1.39374997
1.3937499
1.3937499
1.39374972
1.39374972
1.39374969
1.39374969
1.39374954
1.39374954
1.3937356
1.3937356
1.39374871
1.39374871
1.39374896
1.39374896
1.39374873
1.39374873
1.39374869
1.39374869
1.39374868
1.39374868
1.39374819
1.39374819
1.39374837
1.39374837
1.39374861
1.39374861
1.39374858
1.39374858
1.3937488
1.3937488
1.39374854
1.39374854
1.39374852
1.39374852
1.39374219
1.39374219
1.39374838
1.39374838
1.39374843
1.39374843
1.39374843
1.39374843
1.39374838
1.39374838
1.39374838
1.39374838
1.39374027
1.39374027
1.39374796
1.39374796
1.39374828
1.39374828
1.39374854
1.39374854
1.39374828
1.39374828
1.39374822
1.39374822
1.39374852
1.39374852
1.39374796
1.39374796
1.39374793
1.39374793
1.3937482
1.3937482
1.39374824
1.39374824
1.39374819
1.39374819
1.39374814
1.39374814
1.38125895
1.38125895
1.38124824
1.38124824
1.38124848
1.38124848
1.38124823
1.38124823
1.38124816
1.38124816
1.38124849
1.38124849
1.3812482
1.3812482
1.38122801
1.38122801
1.38124768
1.38124768
1.38124843
1.38124843
1.38124811
1.38124811
1.38124808
1.38124808
1.38124839
1.38124839
1.38124779
1.38124779
1.38124812
1.38124812
1.38124811
1.38124811
1.38124842
1.38124842
1.38124816
1.38124816
1.38124816
1.38124816
1.3812475
1.3812475
1.38124813
1.38124813
1.38124816
1.38124816
1.38124783
1.38124783
1.38124815
1.38124815
1.38124847
1.38124847
1.38124816
1.38124816
1.38122513
1.38122513
1.38124778
1.38124778
1.38124756
1.38124756
1.38124817
1.38124817
1.38124814
1.38124814
1.38124815
1.38124815
1.38124849
1.38124849
1.38124815
1.38124815
1.38124817
1.38124817
1.38124759
1.38124759
1.38124818
1.38124818
1.38124817
1.38124817
1.3812482
1.3812482
1.38124857
1.38124857
1.29083285
1.29083285
1.29061891
1.29061891
1.29062389
1.29062389
1.2906243
1.2906243
1.29062427
1.29062427
1.29062436
1.29062436
1.29062452
1.29062452
1.29062452
1.29062452
1.29062466
1.29062466
1.29062474
1.29062474
1.29062483
1.29062483
1.29062493
1.29062493
1.29062504
1.29062504
1.29062509
1.29062509
1.29062742
1.29062742
1.29062595
1.29062595
1.29062599
1.29062599
1.2906263
1.2906263
1.29062594
1.29062594
1.29062641
1.29062641
1.29062614
1.29062614
1.2906262
1.2906262
1.29062628
1.29062628
1.29062635
1.29062635
1.29062636
1.29062636
1.29062642
1.29062642
1.29062665
1.29062665
1.29062669
1.29062669
1.29062644
1.29062644
1.2906264
1.2906264
1.29062637
1.29062637
1.29062612
1.29062612
1.29063368
1.29063368
1.29062664
1.29062664
1.29062637
1.29062637
1.29062613
1.29062613
1.29062635
1.29062635
1.29062657
1.29062657
1.29062636
1.29062636
1.29062636
1.29062636
1.29062658
1.29062658
1.29062636
1.29062636
1.29062635
1.29062635
1.29062612
1.29062612
1.29062634
1.29062634
1.26582746
1.26582746
1.26562743
1.26562743
1.26562635
1.26562635
1.26562633
1.26562633
1.26562633
1.26562633
1.2656261
1.2656261
1.26562632
1.26562632
1.26563365
1.26563365
1.26562659
1.26562659
1.26562633
1.26562633
1.26562611
1.26562611
1.26562633
1.26562633
1.2656263
1.2656263
1.26562608
1.26562608
1.26562646
1.26562646
1.26562627
1.26562627
1.26562634
1.26562634
1.26562634
1.26562634
1.26562642
1.26562642
1.26562644
1.26562644
1.26563346
1.26563346
1.26562635
1.26562635
1.26562628
1.26562628
1.26562634
1.26562634
1.26562608
1.26562608
1.26562629
1.26562629
1.26562654
1.26562654
1.26562973
1.26562973
1.26562629
1.26562629
1.26562631
1.26562631
1.26562655
1.26562655
1.26562652
1.26562652
1.26562634
1.26562634
1.26562631
1.26562631
1.26562604
1.26562604
1.26562669
1.26562669
1.26562688
1.26562688
1.26562633
1.26562633
1.26562624
1.26562624
1.26562608
1.26562608
1.26562628
1.26562628
1.26562625
1.26562625
1.26562633
1.26562633
1.26562662
1.26562662
1.26562645
1.26562645
1.26562628
1.26562628
1.26562609
1.26562609
1.26562627
1.26562627
1.26562609
1.26562609
1.2656263
1.2656263
1.26878212
1.26878212
1.26875162
1.26875162
1.26875129
1.26875129
1.26875117
1.26875117
1.26875103
1.26875103
1.26875123
1.26875123
1.26875123
1.26875123
1.26875149
1.26875149
1.26875128
1.26875128
1.26875145
1.26875145
1.26875131
1.26875131
1.26875123
1.26875123
1.268751
1.268751
1.26876044
1.26876044
1.26875147
1.26875147
1.26875105
1.26875105
1.26875145
1.26875145
1.2687511
1.2687511
1.26875099
1.26875099
1.26875122
1.26875122
1.26875138
1.26875138
1.26875124
1.26875124
1.26875135
1.26875135
1.26875122
1.26875122
1.26875122
1.26875122
1.26875118
1.26875118
1.26875103
1.26875103
1.26876021
1.26876021
1.26875143
1.26875143
1.26875103
1.26875103
1.26875122
1.26875122
1.26875121
1.26875121
1.26875096
1.26875096
1.26875115
1.26875115
1.26875143
1.26875143
1.26875119
1.26875119
1.2687512
1.2687512
1.2687514
1.2687514
1.22187825
1.22187825
1.22187621
1.22187621
1.22188645
1.22188645
1.22187625
1.22187625
1.22187618
1.22187618
1.22187623
1.22187623
1.22187612
1.22187612
1.22187641
1.22187641
1.22187614
1.22187614
1.22187611
1.22187611
1.22187618
1.22187618
1.22187614
1.22187614
1.22187615
1.22187615
1.22187596
1.22187596
1.22187619
1.22187619
1.22187652
1.22187652
1.22187616
1.22187616
1.22187612
1.22187612
1.22187599
1.22187599
1.22187618
1.22187618
1.22187609
1.22187609
1.2218762
1.2218762
1.22188075
1.22188075
1.22187628
1.22187628
1.22187603
1.22187603
1.22187611
1.22187611
1.22187614
1.22187614
1.22187609
1.22187609
1.22187615
1.22187615
1.22187628
1.22187628
1.22187612
1.22187612
1.22187617
1.22187617
1.22187592
1.22187592
1.22187615
1.22187615
1.22187614
1.22187614
1.22188476
1.22188476
1.22187634
1.22187634
1.22187607
1.22187607
1.22187607
1.22187607
1.22187586
1.22187586
1.22187608
1.22187608
1.14687935
1.14687935
1.14687646
1.14687646
1.14687608
1.14687608
1.14687611
1.14687611
1.1468759
1.1468759
1.14687629
1.14687629
1.14687612
1.14687612
1.14687849
1.14687849
1.14687609
1.14687609
1.14687606
1.14687606
1.14687591
1.14687591
1.1468761
1.1468761
1.1468761
1.1468761
1.14687609
1.14687609
1.14688983
1.14688983
1.14687608
1.14687608
1.14687602
1.14687602
1.14687584
1.14687584
1.14687604
1.14687604
1.14687602
1.14687602
1.14687583
1.14687583
1.14687617
1.14687617
1.14687618
1.14687618
1.14687582
1.14687582
1.14687615
1.14687615
1.14687598
1.14687598
1.1468758
1.1468758
1.14688159
1.14688159
1.14687634
1.14687634
1.14687614
1.14687614
1.14687633
1.14687633
1.14687615
1.14687615
1.14687613
1.14687613
1.14687613
1.14687613
1.14687642
1.14687642
1.14687625
1.14687625
1.1468761
1.1468761
1.14687591
1.14687591
1.14687572
1.14687572
1.14687584
1.14687584
1.1468757
1.1468757
1.14687582
1.14687582
1.14687618
1.14687618
1.14687593
1.14687593
1.07188929
1.07188929
1.07187603
1.07187603
1.07187593
1.07187593
1.07187589
1.07187589
1.07187588
1.07187588
1.07187921
1.07187921
1.07187588
1.07187588
1.07187584
1.07187584
1.07187572
1.07187572
1.07187595
1.07187595
1.07187581
1.07187581
1.07188333
1.07188333
1.07187697
1.07187697
1.07187669
1.07187669
1.07187649
1.07187649
1.0718772
1.0718772
1.07187694
1.07187694
1.07187666
1.07187666
1.07189205
1.07189205
1.0718776
1.0718776
1.07187759
1.07187759
1.07187755
1.07187755
1.07187721
1.07187721
1.07187771
1.07187771
1.07187766
1.07187766
1.0718782
1.0718782
1.07187869
1.07187869
1.07187783
1.07187783
1.07187786
1.07187786
1.07187738
1.07187738
1.0718779
1.0718779
1.07189431
1.07189431
1.07187803
1.07187803
1.07187795
1.07187795
1.07187793
1.07187793
1.07187791
1.07187791
1.07187792
1.07187792
1.07187744
1.07187744
1.07187891
1.07187891
1.07187835
1.07187835
1.0718779
1.0718779
1.07187785
1.07187785
1.0718774
1.0718774
1.07187781
1.07187781
1.07187783
1.07187783
1.04689433
1.04689433
1.0468782
1.0468782
1.0468776
1.0468776
1.04687714
1.04687714
1.04687756
1.04687756
1.0468775
1.0468775
1.04687708
1.04687708
1.04687787
1.04687787
1.04687742
1.04687742
1.04687699
1.04687699
1.04687819
1.04687819
1.04687729
1.04687729
1.04687728
1.04687728
0.9848099
0.9848099
0.98437963
0.98437963
0.98437732
0.98437732
0.98437708
0.98437708
0.98437672
0.98437672
0.98437712
0.98437712
0.98437691
0.98437691
0.98437738
0.98437738
0.9843767
0.9843767
0.98437754
0.98437754
0.98437704
0.98437704
0.98437714
0.98437714
0.98437704
0.98437704
0.98437728
0.98437728
0.98437712
0.98437712
0.98437711
0.98437711
0.98437695
0.98437695
0.98437744
0.98437744
0.98437671
0.98437671
0.98437729
0.98437729
0.98437734
0.98437734
0.9843777
0.9843777
0.98437767
0.98437767
0.98437673
0.98437673
0.98437735
0.98437735
0.98437669
0.98437669
0.98437677
0.98437677
0.98437678
0.98437678
0.98437645
0.98437645
0.98437669
0.98437669
0.98437673
0.98437673
0.98437703
0.98437703
0.98437713
0.98437713
0.98437703
0.98437703
0.98437664
0.98437664
0.9843764
0.9843764
0.98437644
0.98437644
0.98437667
0.98437667
0.98437909
0.98437909
0.98437691
0.98437691
0.98437684
0.98437684
0.98437675
0.98437675
0.9843765
0.9843765
0.9843773
0.9843773
0.98437711
0.98437711
0.98437676
0.98437676
0.98437673
0.98437673
0.98437736
0.98437736
0.98437708
0.98437708
0.87156185
0.87156185
0.87187622
0.87187622
0.87187787
0.87187787
0.87187748
0.87187748
0.87187799
0.87187799
0.87187848
0.87187848
0.87187794
0.87187794
0.87189159
0.87189159
0.87187882
0.87187882
0.87187831
0.87187831
0.87187781
0.87187781
0.87187875
0.87187875
0.87187782
0.87187782
0.87187837
0.87187837
0.87187902
0.87187902
0.8718791
0.8718791
0.87187841
0.87187841
0.87187863
0.87187863
0.87187855
0.87187855
0.87187802
0.87187802
0.8719044
0.8719044
0.87187924
0.87187924
0.87187904
0.87187904
0.87187913
0.87187913
0.87187917
0.87187917
0.87187863
0.87187863
0.87187913
0.87187913
0.87188007
0.87188007
0.87187875
0.87187875
0.8718803
0.8718803
0.87187961
0.87187961
0.87187957
0.87187957
0.87187978
0.87187978
0.87192933
0.87192933
0.87188185
0.87188185
0.87187984
0.87187984
0.87188084
0.87188084
0.87187999
0.87187999
0.87188111
0.87188111
0.87188127
0.87188127
0.87188132
0.87188132
0.87188141
0.87188141
0.87188282
0.87188282
0.87188179
0.87188179
0.74379933
0.74379933
0.74375785
0.74375785
0.74397386
0.74397386
0.74376405
0.74376405
0.7437631
0.7437631
0.74376341
0.74376341
0.74376143
0.74376143
0.74376402
0.74376402
0.74376437
0.74376437
0.74376719
0.74376719
0.74376512
0.74376512
0.74376799
0.74376799
0.74376316
0.74376316
0.74377138
0.74377138
0.74376648
0.74376648
0.74382026
0.74382026
0.74376794
0.74376794
0.74376778
0.74376778
0.74377381
0.74377381
0.74376804
0.74376804
0.74377687
0.74377687
0.74377387
0.74377387
0.74377943
0.74377943
0.74377042
0.74377042
0.74376443
0.74376443
0.74377247
0.74377247
0.74376925
0.74376925
0.7437661
0.7437661
0.74376565
0.74376565
0.74376271
0.74376271
0.74376472
0.74376472
0.74376645
0.74376645
0.74376567
0.74376567
0.74376282
0.74376282
0.74376025
0.74376025
0.74376167
0.74376167
0.74376104
0.74376104
0.74376039
0.74376039
0.74377108
0.74377108
0.7437583
0.7437583
0.74375763
0.74375763
0.74375593
0.74375593
0.74375851
0.74375851
0.74375582
0.74375582
0.74375529
0.74375529
0.74375479
0.74375479
0.74375366
0.74375366
0.74375396
0.74375396
0.74375354
0.74375354
0.74375363
0.74375363
0.74375275
0.74375275
0.74375863
0.74375863
0.7437513
0.7437513
0.74375093
0.74375093
0.74375068
0.74375068
0.74375049
0.74375049
0.7437505
0.7437505
0.74375055
0.74375055
0.74375035
0.74375035
0.74375031
0.74375031
0.74375023
0.74375023
0.74375024
0.74375024
0.74375023
0.74375023
0.74375021
0.74375021
0.74375029
0.74375029
0.74375025
0.74375025
0.74375023
0.74375023
0.74375019
0.74375019
0.74375026
0.74375026
0.74375028
0.74375028
0.64374966
0.64374966
0.64375058
0.64375058
0.64375063
0.64375063
0.64375068
0.64375068
0.64375072
0.64375072
0.64375062
0.64375062
0.64375081
0.64375081
0.64375326
0.64375326
0.64375101
0.64375101
0.64375087
0.64375087
0.64375109
0.64375109
0.64375114
0.64375114
0.64375098
0.64375098
0.64376089
0.64376089
0.64375179
0.64375179
0.64375157
0.64375157
0.64375134
0.64375134
0.64375165
0.64375165
0.64375171
0.64375171
0.64378177
0.64378177
0.64375269
0.64375269
0.64375224
0.64375224
0.64375187
0.64375187
0.64375224
0.64375224
0.64375191
0.64375191
0.64375306
0.64375306
0.64375233
0.64375233
0.64375239
0.64375239
0.64375235
0.64375235
0.64375197
0.64375197
0.64375241
0.64375241
0.6437524
0.6437524
0.65931784
0.65931784
0.65937716
0.65937716
0.65937749
0.65937749
0.65937748
0.65937748
0.65937711
0.65937711
0.65937757
0.65937757
0.65937711
0.65937711
0.65937807
0.65937807
0.65937761
0.65937761
0.65937761
0.65937761
0.65937766
0.65937766
0.65937764
0.65937764
0.65937813
0.65937813
0.65940244
0.65940244
0.65937782
0.65937782
0.6593772
0.6593772
0.65937849
0.65937849
0.65937801
0.65937801
0.65937752
0.65937752
0.65937709
0.65937709
0.65937787
0.65937787
0.6593774
0.6593774
0.65937735
0.65937735
0.65937803
0.65937803
0.65937718
0.65937718
0.65937712
0.65937712
0.65937673
0.65937673
0.65937702
0.65937702
0.65937663
0.65937663
0.65938793
0.65938793
0.65937705
0.65937705
0.65937646
0.65937646
0.65937643
0.65937643
0.65937615
0.65937615
0.65937634
0.65937634
0.65937629
0.65937629
0.65937625
0.65937625
0.6593764
0.6593764
0.65937615
0.65937615
0.65937592
0.65937592
0.65937622
0.65937622
0.73735257
0.73735257
0.73750561
0.73750561
0.73750113
0.73750113
0.73750097
0.73750097
0.73750082
0.73750082
0.73750099
0.73750099
0.73750099
0.73750099
0.73750083
0.73750083
0.73750115
0.73750115
0.73750098
0.73750098
0.73750098
0.73750098
0.73750082
0.73750082
0.73750097
0.73750097
0.73750098
0.73750098
0.73750131
0.73750131
0.73750115
0.73750115
0.73750116
0.73750116
0.737501
0.737501
0.737501
0.737501
0.73750084
0.73750084
0.73750117
0.73750117
0.73750754
0.73750754
0.73750105
0.73750105
0.73750101
0.73750101
0.73750102
0.73750102
0.73750085
0.73750085
0.73750119
0.73750119
0.7375012
0.7375012
0.73750137
0.73750137
0.73750103
0.73750103
0.73750103
0.73750103
0.73750086
0.73750086
0.73750104
0.73750104
0.73750634
0.73750634
0.73750078
0.73750078
0.73750079
0.73750079
0.73750084
0.73750084
0.73750089
0.73750089
0.73750091
0.73750091
0.73750094
0.73750094
0.73750862
0.73750862
0.7375011
0.7375011
0.73750108
0.73750108
0.77804728
0.77804728
0.77812569
0.77812569
0.77812622
0.77812622
0.77812631
0.77812631
0.77812625
0.77812625
0.77812609
0.77812609
0.77812591
0.77812591
0.77812611
0.77812611
0.77812611
0.77812611
0.77812588
0.77812588
0.77812765
0.77812765
0.77812608
0.77812608
0.77812593
0.77812593
0.77812603
0.77812603
0.77812613
0.77812613
0.77812605
0.77812605
0.77813607
0.77813607
0.77812618
0.77812618
0.77812608
0.77812608
0.77812593
0.77812593
0.77812611
0.77812611
0.77812609
0.77812609
0.77812598
0.77812598
0.77812632
0.77812632
0.77812625
0.77812625
0.7781259
0.7781259
0.77812646
0.77812646
0.7781261
0.7781261
0.77812612
0.77812612
0.77813759
0.77813759
0.77812633
0.77812633
0.77812593
0.77812593
0.77812612
0.77812612
0.77812626
0.77812626
0.77812611
0.77812611
0.77812626
0.77812626
0.77812613
0.77812613
0.77812631
0.77812631
0.77812606
0.77812606
0.77812611
0.77812611
0.77812612
0.77812612
0.77812583
0.77812583
0.81563507
0.81563507
0.81562617
0.81562617
0.81562613
0.81562613
0.81562609
0.81562609
0.81562616
0.81562616
0.81562613
0.81562613
0.81563078
0.81563078
0.8156261
0.8156261
0.81562614
0.81562614
0.81562615
0.81562615
0.81562592
0.81562592
0.81562612
0.81562612
0.81562613
0.81562613
0.81563081
0.81563081
0.81562612
0.81562612
0.81562607
0.81562607
0.81562599
0.81562599
0.81562607
0.81562607
0.8156262
0.8156262
0.81562771
0.81562771
0.81562664
0.81562664
0.8156265
0.8156265
0.81562665
0.81562665
0.81562618
0.81562618
0.81562615
0.81562615
0.81562616
0.81562616
0.81562636
0.81562636
0.81562644
0.81562644
0.81562623
0.81562623
0.81562597
0.81562597
0.81562614
0.81562614
0.81562615
0.81562615
0.81562592
0.81562592
0.81562621
0.81562621
0.81562658
0.81562658
0.81562631
0.81562631
0.81562599
0.81562599
0.81562612
0.81562612
0.81562618
0.81562618
0.81562596
0.81562596
0.81563513
0.81563513
0.81562618
0.81562618
0.81562605
0.81562605
0.81562618
0.81562618
0.81562607
0.81562607
0.81562596
0.81562596
0.81562644
0.81562644
0.81562615
0.81562615
0.81562616
0.81562616
0.81562608
0.81562608
0.81562621
0.81562621
0.81562606
0.81562606
0.98438017
0.98438017
0.98438205
0.98438205
0.98437616
0.98437616
0.98437614
0.98437614
0.98437597
0.98437597
0.98437607
0.98437607
0.98437615
0.98437615
0.98437592
0.98437592
0.98437632
0.98437632
0.98437633
0.98437633
0.98437615
0.98437615
0.98437595
0.98437595
0.98437632
0.98437632
0.98437612
0.98437612
0.98438598
0.98438598
0.98437623
0.98437623
0.98437617
0.98437617
0.98437618
0.98437618
0.98437655
0.98437655
0.98437617
0.98437617
0.98437638
0.98437638
0.98437621
0.98437621
0.98437623
0.98437623
0.98437621
0.98437621
0.98437599
0.98437599
0.98437642
0.98437642
0.98437616
0.98437616
0.98437689
0.98437689
0.98437616
0.98437616
0.98437613
0.98437613
0.98437615
0.98437615
0.98437732
0.98437732
0.9843762
0.9843762
0.98437622
0.98437622
0.98437623
0.98437623
0.98437623
0.98437623
0.98437621
0.98437621
0.98437622
0.98437622
0.98437656
0.98437656
0.98437639
0.98437639
0.98437598
0.98437598
0.98437617
0.98437617
0.98437618
0.98437618
0.98437599
0.98437599
0.98438641
0.98438641
0.98437639
0.98437639
0.98437595
0.98437595
0.98437615
0.98437615
0.98437618
0.98437618
0.98437601
0.98437601
1.15000041
1.15000041
1.15000168
1.15000168
1.15000124
1.15000124
1.15000123
1.15000123
1.15000103
1.15000103
1.15000122
1.15000122
1.15000125
1.15000125
1.15000164
1.15000164
1.15000123
1.15000123
1.15000136
1.15000136
1.15000111
1.15000111
1.15000104
1.15000104
1.15000098
1.15000098
1.1500009
1.1500009
1.15000109
1.15000109
1.15000062
1.15000062
1.15000053
1.15000053
1.15000041
1.15000041
1.15000022
1.15000022
1.15000013
1.15000013
1.15
1.15
1.14999986
1.14999986
1.14999977
1.14999977
1.1499997
1.1499997
1.14999962
1.14999962
1.14999955
1.14999955
1.14999348
1.14999348
1.14999904
1.14999904
1.14999917
1.14999917
1.14999898
1.14999898
1.14999894
1.14999894
1.14999907
1.14999907
1.14999888
1.14999888
1.14999858
1.14999858
1.14999857
1.14999857
1.14999874
1.14999874
1.14999845
1.14999845
1.14999869
1.14999869
1.14999867
1.14999867
1.14998944
1.14998944
1.1499983
1.1499983
1.14999877
1.14999877
1.14999855
1.14999855
1.14999853
1.14999853
1.1499985
1.1499985
1.14999849
1.14999849
1.14999772
1.14999772
1.1499985
1.1499985
1.14999846
1.14999846
1.14999847
1.14999847
1.14999849
1.14999849
1.14999848
1.14999848
1.21248079
1.21248079
1.21249775
1.21249775
1.2124984
1.2124984
1.21249839
1.21249839
1.21249866
1.21249866
1.21249848
1.21249848
1.2124985
1.2124985
1.21249809
1.21249809
1.21249842
1.21249842
1.21249874
1.21249874
1.21249845
1.21249845
1.21249834
1.21249834
1.21249841
1.21249841
1.21248884
1.21248884
1.21249827
1.21249827
1.21249861
1.21249861
1.2124983
1.2124983
1.2124983
1.2124983
1.21249863
1.21249863
1.21249809
1.21249809
1.21248474
1.21248474
1.21249793
1.21249793
1.21249831
1.21249831
1.21249834
1.21249834
1.21249835
1.21249835
1.2124986
1.2124986
1.21249809
1.21249809
1.21249831
1.21249831
1.2124983
1.2124983
1.2124983
1.2124983
1.21249802
1.21249802
1.21249828
1.21249828
1.21248904
1.21248904
1.21249793
1.21249793
1.21249833
1.21249833
1.21249856
1.21249856
1.23138721
1.23138721
1.23124902
1.23124902
1.23124835
1.23124835
1.23124806
1.23124806
1.23124837
1.23124837
1.23124832
1.23124832
1.23124858
1.23124858
1.23124829
1.23124829
1.23124829
1.23124829
1.23124776
1.23124776
1.23124807
1.23124807
1.23124871
1.23124871
1.23124828
1.23124828
1.23124859
1.23124859
1.2312487
1.2312487
1.23124876
1.23124876
1.23124696
1.23124696
1.23124921
1.23124921
1.23124941
1.23124941
1.23124939
1.23124939
1.23124957
1.23124957
1.23124956
1.23124956
1.23124956
1.23124956
1.23124972
1.23124972
1.23124982
1.23124982
1.23124986
1.23124986
1.23124994
1.23124994
1.23125004
1.23125004
1.23125522
1.23125522
1.2312507
1.2312507
1.23125073
1.23125073
1.23125095
1.23125095
1.23125102
1.23125102
1.23125094
1.23125094
1.231251
1.231251
1.23125106
1.23125106
1.23125112
1.23125112
1.23125098
1.23125098
1.23125146
1.23125146
1.2312513
1.2312513
1.23125134
1.23125134
1.2312614
1.2312614
1.23125134
1.23125134
1.2312513
1.2312513
1.23125191
1.23125191
1.23125151
1.23125151
1.2312513
1.2312513
1.16894926
1.16894926
1.16875233
1.16875233
1.16875112
1.16875112
1.16875134
1.16875134
1.16875177
1.16875177
1.16875132
1.16875132
1.16875131
1.16875131
1.16875109
1.16875109
1.16875131
1.16875131
1.16875131
1.16875131
1.16876601
1.16876601
1.16875161
1.16875161
1.16875132
1.16875132
1.16875132
1.16875132
1.1687511
1.1687511
1.16875133
1.16875133
1.16875111
1.16875111
1.168752
1.168752
1.16875132
1.16875132
1.16875133
1.16875133
1.16875155
1.16875155
1.16875133
1.16875133
1.16875132
1.16875132
1.16876194
1.16876194
1.1687514
1.1687514
1.16875138
1.16875138
1.16875128
1.16875128
1.16875131
1.16875131
1.16875107
1.16875107
1.16875188
1.16875188
1.16875128
1.16875128
1.16875131
1.16875131
1.1687513
1.1687513
1.1687511
1.1687511
1.16875172
1.16875172
1.16875155
1.16875155
1.16875111
1.16875111
1.16875124
1.16875124
1.16875106
1.16875106
1.1687513
1.1687513
1.16875129
1.16875129
1.16875132
1.16875132
1.16875393
1.16875393
1.14380535
1.14380535
1.14375183
1.14375183
1.14375124
1.14375124
1.14375132
1.14375132
1.14375178
1.14375178
1.14375134
1.14375134
1.14375129
1.14375129
1.14375129
1.14375129
1.1437511
1.1437511
1.14375123
1.14375123
1.14375133
1.14375133
1.14375126
1.14375126
1.14376027
1.14376027
1.14375131
1.14375131
1.14375131
1.14375131
1.14375107
1.14375107
1.14375125
1.14375125
1.14375147
1.14375147
1.14375154
1.14375154
1.14375178
1.14375178
1.14375149
1.14375149
1.14375107
1.14375107
1.14375126
1.14375126
1.14375132
1.14375132
1.14375128
1.14375128
1.14375109
1.14375109
1.14375173
1.14375173
1.1437517
1.1437517
1.14375132
1.14375132
1.14375125
1.14375125
1.14375113
1.14375113
1.14375131
1.14375131
1.14375459
1.14375459
1.14375134
1.14375134
1.14375125
1.14375125
1.14375105
1.14375105
1.14375123
1.14375123
1.14375126
1.14375126
1.14375171
1.14375171
1.14375131
1.14375131
1.14375129
1.14375129
1.14375152
1.14375152
1.14375136
1.14375136
1.14375126
1.14375126
1.14375113
1.14375113
1.14375229
1.14375229
1.14375137
1.14375137
1.14375102
1.14375102
1.14375134
1.14375134
1.14375109
1.14375109
1.14375121
1.14375121
1.14375311
1.14375311
1.1437513
1.1437513
1.14375136
1.14375136
1.14375142
1.14375142
1.14375129
1.14375129
1.14375129
1.14375129
1.14375121
1.14375121
1.1437531
1.1437531
1.14375127
1.14375127
1.14375109
1.14375109
1.14375133
1.14375133
1.14375131
1.14375131
1.14375109
1.14375109
1.08750494
1.08750494
1.08750132
1.08750132
1.08750123
1.08750123
1.08750162
1.08750162
1.08750131
1.08750131
1.08750153
1.08750153
1.08750154
1.08750154
1.08750161
1.08750161
1.08750125
1.08750125
1.08750128
1.08750128
1.08750129
1.08750129
1.0875011
1.0875011
1.08750124
1.08750124
1.08750195
1.08750195
1.08750138
1.08750138
1.08750128
1.08750128
1.08750139
1.08750139
1.08750108
1.08750108
1.08750132
1.08750132
1.0875037
1.0875037
1.08750132
1.08750132
1.08750122
1.08750122
1.08750132
1.08750132
1.08750112
1.08750112
1.08750127
1.08750127
1.08750107
1.08750107
1.08750399
1.08750399
1.08750128
1.08750128
1.08750102
1.08750102
1.08750127
1.08750127
1.08750127
1.08750127
1.08750133
1.08750133
1.08750199
1.08750199
1.08750156
1.08750156
1.08750131
1.08750131
1.08750149
1.08750149
1.08750105
1.08750105
1.08750133
1.08750133
1.08750182
1.08750182
1.08750159
1.08750159
1.08750107
1.08750107
1.08750133
1.08750133
1.08750107
1.08750107
1.08750129
1.08750129
1.08750128
1.08750128
1.08750317
1.08750317
1.08750129
1.08750129
1.08750129
1.08750129
1.08750129
1.08750129
1.08750169
1.08750169
1.08750133
1.08750133
1.08750177
1.08750177
1.08750153
1.08750153
1.0875013
1.0875013
1.08750106
1.08750106
1.08750123
1.08750123
1.08750167
1.08750167
1.0875013
1.0875013
1.08750128
1.08750128
1.0875011
1.0875011
1.08750135
1.08750135
1.08750133
1.08750133
0.95938043
0.95938043
0.95937657
0.95937657
0.95937723
0.95937723
0.95937631
0.95937631
0.95937633
0.95937633
0.95937609
0.95937609
0.95937628
0.95937628
0.95937606
0.95937606
0.95937646
0.95937646
0.95937627
0.95937627
0.95937627
0.95937627
0.9593763
0.9593763
0.95937635
0.95937635
0.9593761
0.9593761
0.95937703
0.95937703
0.95937804
0.95937804
0.95937631
0.95937631
0.95937651
0.95937651
0.9593765
0.9593765
0.95937608
0.95937608
0.9593763
0.9593763
0.95937651
0.95937651
0.95937651
0.95937651
0.95937627
0.95937627
0.95937609
0.95937609
0.95937652
0.95937652
0.95937632
0.95937632
0.95937636
0.95937636
0.95937679
0.95937679
0.95937634
0.95937634
0.95937634
0.95937634
0.95937631
0.95937631
0.95937654
0.95937654
0.95937652
0.95937652
0.95937653
0.95937653
0.95937632
0.95937632
0.95937633
0.95937633
0.95937609
0.95937609
0.95937633
0.95937633
0.95937657
0.95937657
0.9593775
0.9593775
0.95937635
0.95937635
0.9593763
0.9593763
0.95937628
0.95937628
0.95937608
0.95937608
0.95937859
0.95937859
0.95937638
0.95937638
0.95937636
0.95937636
0.95937636
0.95937636
0.95937635
0.95937635
0.95937632
0.95937632
0.95937674
0.95937674
0.95937632
0.95937632
0.95937632
0.95937632
0.95937633
0.95937633
0.95937609
0.95937609
0.95937623
0.95937623
0.95937597
0.95937597
0.95937655
0.95937655
0.95937615
0.95937615
0.95937579
0.95937579
0.95937554
0.95937554
0.9593755
0.9593755
0.95937534
0.95937534
0.95937502
0.95937502
0.95937489
0.95937489
0.95937482
0.95937482
0.95937478
0.95937478
0.95937468
0.95937468
0.9593746
0.9593746
0.95937452
0.95937452
0.8374966
0.8374966
0.83749858
0.83749858
0.83749892
0.83749892
0.83749843
0.83749843
0.83749883
0.83749883
0.83749878
0.83749878
0.83749898
0.83749898
0.83749874
0.83749874
0.83749829
0.83749829
0.83749871
0.83749871
0.83749866
0.83749866
0.83749865
0.83749865
0.83749887
0.83749887
0.83749862
0.83749862
0.83749812
0.83749812
0.83749857
0.83749857
0.83749856
0.83749856
0.83749831
0.83749831
0.83749854
0.83749854
0.837498
0.837498
0.8374985
0.8374985
0.83749846
0.83749846
0.8374984
0.8374984
0.8374987
0.8374987
0.83749842
0.83749842
0.83749811
0.83749811
0.8374981
0.8374981
0.83749837
0.83749837
0.8374986
0.8374986
0.83749835
0.83749835
0.83749835
0.83749835
0.83749831
0.83749831
0.8374926
0.8374926
0.83749827
0.83749827
0.8374983
0.8374983
0.83749856
0.83749856
0.83749823
0.83749823
0.83749766
0.83749766
0.8374982
0.8374982
0.83749821
0.83749821
0.83749763
0.83749763
0.83749822
0.83749822
0.83749823
0.83749823
0.83749822
0.83749822
0.83749766
0.83749766
0.83749817
0.83749817
0.83749761
0.83749761
0.8374982
0.8374982
0.83749851
0.83749851
0.83749817
0.83749817
0.8374982
0.8374982
0.83749818
0.83749818
0.83749784
0.83749784
0.80939333
0.80939333
0.8093733
0.8093733
0.80937322
0.80937322
0.80937346
0.80937346
0.80937289
0.80937289
0.80937293
0.80937293
0.80937348
0.80937348
0.80937292
0.80937292
0.80937261
0.80937261
0.8093732
0.8093732
0.80937351
0.80937351
0.8093732
0.8093732
0.80937323
0.80937323
0.80937169
0.80937169
0.80937321
0.80937321
0.80937354
0.80937354
0.80937321
0.80937321
0.80937325
0.80937325
0.80937325
0.80937325
0.80936889
0.80936889
0.80937318
0.80937318
0.80937321
0.80937321
0.80937294
0.80937294
0.80937292
0.80937292
0.80937324
0.80937324
0.80937327
0.80937327
0.80937355
0.80937355
0.80937324
0.80937324
0.8093733
0.8093733
0.80937327
0.80937327
0.80937325
0.80937325
0.80937269
0.80937269
0.80937328
0.80937328
0.80937355
0.80937355
0.80937328
0.80937328
0.80936784
0.80936784
0.8093734
0.8093734
0.80937347
0.80937347
0.80937378
0.80937378
0.80937365
0.80937365
0.80937372
0.80937372
0.80937365
0.80937365
0.80937378
0.80937378
0.80937422
0.80937422
0.80937419
0.80937419
0.80937429
0.80937429
0.80937439
0.80937439
0.80937458
0.80937458
0.73148663
0.73148663
0.73125309
0.73125309
0.73125171
0.73125171
0.73125121
0.73125121
0.73125142
0.73125142
0.73125116
0.73125116
0.73125136
0.73125136
0.73125175
0.73125175
0.73125129
0.73125129
0.73125148
0.73125148
0.73125127
0.73125127
0.73125128
0.73125128
0.73125108
0.73125108
0.73125131
0.73125131
0.73125154
0.73125154
0.73125177
0.73125177
0.73125133
0.73125133
0.73125133
0.73125133
0.7312511
0.7312511
0.73125132
0.73125132
0.73125154
0.73125154
0.73125153
0.73125153
0.73125109
0.73125109
0.7312513
0.7312513
0.7312513
0.7312513
0.73125109
0.73125109
0.73125152
0.73125152
0.73125152
0.73125152
0.73125197
0.73125197
0.7312511
0.7312511
0.73125132
0.73125132
0.7312511
0.7312511
0.73125131
0.73125131
0.73125153
0.73125153
0.73125153
0.73125153
0.73125131
0.73125131
0.73125109
0.73125109
0.7312513
0.7312513
0.73125109
0.73125109
0.73125152
0.73125152
0.73125131
0.73125131
0.73125371
0.73125371
0.73125133
0.73125133
0.73125132
0.73125132
0.7312515
0.7312515
0.73125125
0.73125125
0.73125123
0.73125123
0.73125104
0.73125104
0.7312512
0.7312512
0.73125127
0.73125127
0.73125107
0.73125107
0.7312515
0.7312515
0.7312511
0.7312511
0.73125124
0.73125124
0.81915654
0.81915654
0.81875397
0.81875397
0.81875132
0.81875132
0.81875123
0.81875123
0.81875147
0.81875147
0.81875131
0.81875131
0.81875105
0.81875105
0.81875129
0.81875129
0.81875167
0.81875167
0.81875135
0.81875135
0.8187513
0.8187513
0.81875129
0.81875129
0.8187511
0.8187511
0.81875123
0.81875123
0.81875137
0.81875137
0.81876097
0.81876097
0.81875132
0.81875132
0.81875167
0.81875167
0.81875125
0.81875125
0.81875134
0.81875134
0.81875127
0.81875127
0.81875105
0.81875105
0.81875129
0.81875129
0.81875121
0.81875121
0.81875126
0.81875126
0.81875168
0.81875168
0.81875104
0.81875104
0.81875122
0.81875122
0.81875129
0.81875129
0.81875127
0.81875127
0.81875193
0.81875193
0.81875134
0.81875134
0.81875121
0.81875121
0.81875132
0.81875132
0.81875115
0.81875115
0.81875122
0.81875122
0.81875132
0.81875132
0.81875496
0.81875496
0.81875138
0.81875138
0.72480284
0.72480284
0.72500069
0.72500069
0.72500134
0.72500134
0.72500127
0.72500127
0.72500124
0.72500124
0.72500144
0.72500144
0.72500123
0.72500123
0.72500119
0.72500119
0.7250013
0.7250013
0.72500153
0.72500153
0.72500129
0.72500129
0.72500668
0.72500668
0.72500125
0.72500125
0.72500135
0.72500135
0.72500125
0.72500125
0.72500128
0.72500128
0.72500109
0.72500109
0.72500148
0.72500148
0.72500169
0.72500169
0.72500142
0.72500142
0.72500119
0.72500119
0.72500101
0.72500101
0.72500123
0.72500123
0.725001
0.725001
0.72500298
0.72500298
0.72500125
0.72500125
0.72500131
0.72500131
0.72500116
0.72500116
0.72500105
0.72500105
0.72500121
0.72500121
0.72500123
0.72500123
0.72500173
0.72500173
0.72500135
0.72500135
0.72500133
0.72500133
0.72500129
0.72500129
0.72500109
0.72500109
0.72500128
0.72500128
0.72500179
0.72500179
0.72500132
0.72500132
0.72500097
0.72500097
0.72500125
0.72500125
0.72500107
0.72500107
0.72500122
0.72500122
0.72500125
0.72500125
0.72500171
0.72500171
0.72500129
0.72500129
0.72500127
0.72500127
0.72500131
0.72500131
0.72500103
0.72500103
0.72500185
0.72500185
0.72500154
0.72500154
0.72500173
0.72500173
0.72500163
0.72500163
0.72500202
0.72500202
0.72500121
0.72500121
0.72500129
0.72500129
0.72500106
0.72500106
0.72500121
0.72500121
0.72500168
0.72500168
0.72500125
0.72500125
0.72500117
0.72500117
0.72500123
0.72500123
0.72500124
0.72500124
0.72500105
0.72500105
0.72500145
0.72500145
0.668748
0.668748
0.66875147
0.66875147
0.66875661
0.66875661
0.66875134
0.66875134
0.66875125
0.66875125
0.66875108
0.66875108
0.66875125
0.66875125
0.66875122
0.66875122
0.66875155
0.66875155
0.66875121
0.66875121
0.66875113
0.66875113
0.66875121
0.66875121
0.66875168
0.66875168
0.66875124
0.66875124
0.66875105
0.66875105
0.66875817
0.66875817
0.6687513
0.6687513
0.66875102
0.66875102
0.66875169
0.66875169
0.66875149
0.66875149
0.66875125
0.66875125
0.66875104
0.66875104
0.66875115
0.66875115
0.6687514
0.6687514
0.66875121
0.66875121
0.66875142
0.66875142
0.66875144
0.66875144
0.66875124
0.66875124
0.66875123
0.66875123
0.66875106
0.66875106
0.66875124
0.66875124
0.66875101
0.66875101
0.66875658
0.66875658
0.66875128
0.66875128
0.66875126
0.66875126
0.66875121
0.66875121
0.66875144
0.66875144
0.66875139
0.66875139
0.66875139
0.66875139
0.66875099
0.66875099
0.66875118
0.66875118
0.6687512
0.6687512
0.66875121
0.66875121
0.66875104
0.66875104
0.66875145
0.66875145
0.70649307
0.70649307
0.70625275
0.70625275
0.70625131
0.70625131
0.70625105
0.70625105
0.70625147
0.70625147
0.70625128
0.70625128
0.70625171
0.70625171
0.70625149
0.70625149
0.70625151
0.70625151
0.70625127
0.70625127
0.70625128
0.70625128
0.70625104
0.70625104
0.7062515
0.7062515
0.70625284
0.70625284
0.7062511
0.7062511
0.70625131
0.70625131
0.70625126
0.70625126
0.70625122
0.70625122
0.70625119
0.70625119
0.70625246
0.70625246
0.70625128
0.70625128
0.70625131
0.70625131
0.70625132
0.70625132
0.7062511
0.7062511
0.70625131
0.70625131
0.70625214
0.70625214
0.70625131
0.70625131
0.7062511
0.7062511
0.70625132
0.70625132
0.70625133
0.70625133
0.70625109
0.70625109
0.70625128
0.70625128
0.70625271
0.70625271
0.70625098
0.70625098
0.70625096
0.70625096
0.70625066
0.70625066
0.7062505
0.7062505
0.7062504
0.7062504
0.70624919
0.70624919
0.70624976
0.70624976
0.70624951
0.70624951
0.70624933
0.70624933
0.70624945
0.70624945
0.70624938
0.70624938
0.70624935
0.70624935
0.70624927
0.70624927
0.70624908
0.70624908
0.70624911
0.70624911
0.70624913
0.70624913
0.70624866
0.70624866
0.70624895
0.70624895
0.70624911
0.70624911
0.58102168
0.58102168
0.58124761
0.58124761
0.58124871
0.58124871
0.5812478
0.5812478
0.58124862
0.58124862
0.58124861
0.58124861
0.58124858
0.58124858
0.58124853
0.58124853
0.58124876
0.58124876
0.58124463
0.58124463
0.58124837
0.58124837
0.58124833
0.58124833
0.58124862
0.58124862
0.58124833
0.58124833
0.58124835
0.58124835
0.58124859
0.58124859
0.58124308
0.58124308
0.5812483
0.5812483
0.58124826
0.58124826
0.58124766
0.58124766
0.58124801
0.58124801
0.58124788
0.58124788
0.58124851
0.58124851
0.58124825
0.58124825
0.58124824
0.58124824
0.5812485
0.5812485
0.58124759
0.58124759
0.58124819
0.58124819
0.58124818
0.58124818
0.58124818
0.58124818
0.58124818
0.58124818
0.58124851
0.58124851
0.58124823
0.58124823
0.58124733
0.58124733
0.58124824
0.58124824
0.58124824
0.58124824
0.5812482
0.5812482
0.58124823
0.58124823
0.58124822
0.58124822
0.58124586
0.58124586
0.58124852
0.58124852
0.58124825
0.58124825
0.58124825
0.58124825
0.58124855
0.58124855
0.58124771
0.58124771
0.58124828
0.58124828
0.58124828
0.58124828
0.58124831
0.58124831
0.58124831
0.58124831
0.58124859
0.58124859
0.58124832
0.58124832
0.58124806
0.58124806
0.58124696
0.58124696
0.58124832
0.58124832
0.58124833
0.58124833
0.58124833
0.58124833
0.59381574
0.59381574
0.59374808
0.59374808
0.59374799
0.59374799
0.59374829
0.59374829
0.59374859
0.59374859
0.59374835
0.59374835
0.59374835
0.59374835
0.59374861
0.59374861
0.5937481
0.5937481
0.59373088
0.59373088
0.59374823
0.59374823
0.5937486
0.5937486
0.59374835
0.59374835
0.59374803
0.59374803
0.59374862
0.59374862
0.59374837
0.59374837
0.59374783
0.59374783
0.5937481
0.5937481
0.59374835
0.59374835
0.59374835
0.59374835
0.59374829
0.59374829
0.59374829
0.59374829
0.59374355
0.59374355
0.59374828
0.59374828
0.59374833
0.59374833
0.59374862
0.59374862
0.59374838
0.59374838
0.59374796
0.59374796
0.59374855
0.59374855
0.59374863
0.59374863
0.5937483
0.5937483
0.59374812
0.59374812
0.59374866
0.59374866
0.59374894
0.59374894
0.59374931
0.59374931
0.59374926
0.59374926
0.59374936
0.59374936
0.59374955
0.59374955
0.59374951
0.59374951
0.59374961
0.59374961
0.59374971
0.59374971
0.59374978
0.59374978
0.59374983
0.59374983
0.59374992
0.59374992
0.59374998
0.59374998
0.59375152
0.59375152
0.59375077
0.59375077
0.59375049
0.59375049
0.59375046
0.59375046
0.59375062
0.59375062
0.59375068
0.59375068
0.59375061
0.59375061
0.68144388
0.68144388
0.68125223
0.68125223
0.68125156
0.68125156
0.68125134
0.68125134
0.68125133
0.68125133
0.68125133
0.68125133
0.68125107
0.68125107
0.68125541
0.68125541
0.68125119
0.68125119
0.68125117
0.68125117
0.68125098
0.68125098
0.68125119
0.68125119
0.6812512
0.6812512
0.68125161
0.68125161
0.68125122
0.68125122
0.68125163
0.68125163
0.68125122
0.68125122
0.68125121
0.68125121
0.6812516
0.6812516
0.68125119
0.68125119
0.68125119
0.68125119
0.68125119
0.68125119
0.68125099
0.68125099
0.6812512
0.6812512
0.6812512
