-0.95636877
-0.95636877
-0.04902075
-0.04902075
1.28936115
1.28936115
1.21768279
1.21768279
1.18542488
1.18542488
1.17776532
1.17776532
1.43105985
1.43105985
1.66123551
1.66123551
1.67388089
1.67388089
1.7271013
1.7271013
1.55007471
1.55007471
1.09704912
1.09704912
1.06960748
1.06960748
1.13608326
1.13608326
1.30291773
1.30291773
1.3040596
1.3040596
1.30377299
1.30377299
1.30361583
1.30361583
1.30352176
1.30352176
1.30354022
1.30354022
1.30351388
1.30351388
1.30345784
1.30345784
1.3034342
1.3034342
1.3034162
1.3034162
1.30341078
1.30341078
1.30338258
1.30338258
1.30338867
1.30338867
1.30338483
1.30338483
1.30337186
1.30337186
1.3033663
1.3033663
1.30335849
1.30335849
1.30335845
1.30335845
1.30335527
1.30335527
1.30335262
1.30335262
1.30334637
1.30334637
1.30334524
1.30334524
1.30334426
1.30334426
1.30334336
1.30334336
1.30334258
1.30334258
1.30334452
1.30334452
1.30334104
1.30334104
1.30334272
1.30334272
1.30334084
1.30334084
1.30334026
1.30334026
1.30334144
1.30334144
1.30333913
1.30333913
1.30333943
1.30333943
1.30333829
1.30333829
1.30333733
1.30333733
1.3033371
1.3033371
1.30333632
1.30333632
1.30333673
1.30333673
1.30333654
1.30333654
1.30333638
1.30333638
1.30333621
1.30333621
1.30333696
1.30333696
1.30333589
1.30333589
1.30333538
1.30333538
1.30333568
1.30333568
1.39000832
1.39000832
1.39000231
1.39000231
1.39000185
1.39000185
1.39000237
1.39000237
1.39000253
1.39000253
1.39000216
1.39000216
1.39000233
1.39000233
1.39000197
1.39000197
1.39000143
1.39000143
1.3900014
1.3900014
1.39000134
1.39000134
1.39000132
1.39000132
1.39000128
1.39000128
1.39000144
1.39000144
1.39000141
1.39000141
1.39000118
1.39000118
1.39000113
1.39000113
1.39000092
1.39000092
1.3900013
1.3900013
1.39000107
1.39000107
1.39000472
1.39000472
1.39000097
1.39000097
1.39000097
1.39000097
1.39000092
1.39000092
1.39000077
1.39000077
1.39000093
1.39000093
1.3900012
1.3900012
1.39000088
1.39000088
1.39000085
1.39000085
1.39000085
1.39000085
1.39000084
1.39000084
1.39000067
1.39000067
1.39000095
1.39000095
1.39000246
1.39000246
1.39000078
1.39000078
1.39000063
1.39000063
1.39000076
1.39000076
1.39000074
1.39000074
1.39000085
1.39000085
1.39000087
1.39000087
1.39000073
1.39000073
1.3900006
1.3900006
1.39000071
1.39000071
1.3900007
1.3900007
1.39000081
1.39000081
1.39000067
1.39000067
1.39000412
1.39000412
1.39000069
1.39000069
1.39000066
1.39000066
1.39000065
1.39000065
1.39000088
1.39000088
1.39000063
1.39000063
1.39000064
1.39000064
1.39000053
1.39000053
1.39000064
1.39000064
1.39000063
1.39000063
1.39000063
1.39000063
1.39000063
1.39000063
1.39000074
1.39000074
1.55333475
1.55333475
1.55333396
1.55333396
1.55333387
1.55333387
1.55333395
1.55333395
1.55333429
1.55333429
1.55333397
1.55333397
1.55333408
1.55333408
1.55333397
1.55333397
1.55333385
1.55333385
1.55333395
1.55333395
1.55333394
1.55333394
1.55333414
1.55333414
1.55333393
1.55333393
1.55333404
1.55333404
1.55333393
1.55333393
1.55333383
1.55333383
1.55333392
1.55333392
1.5533361
1.5533361
1.55333393
1.55333393
1.55333413
1.55333413
1.55333415
1.55333415
1.55333405
1.55333405
1.55333424
1.55333424
1.55333413
1.55333413
1.55333402
1.55333402
1.55333392
1.55333392
1.55333391
1.55333391
1.55333382
1.55333382
1.55333392
1.55333392
1.55333412
1.55333412
1.55333392
1.55333392
1.55333402
1.55333402
1.55333394
1.55333394
1.55333384
1.55333384
1.55333393
1.55333393
1.55333395
1.55333395
1.55333544
1.55333544
1.55333392
1.55333392
1.55333392
1.55333392
1.55333394
1.55333394
1.55333396
1.55333396
1.55333415
1.55333415
1.55333394
1.55333394
1.55333393
1.55333393
1.55333392
1.55333392
1.55333382
1.55333382
1.55333391
1.55333391
1.55333411
1.55333411
1.55333403
1.55333403
1.55333393
1.55333393
1.55333383
1.55333383
1.55333393
1.55333393
1.55333393
1.55333393
1.55333382
1.55333382
1.55333536
1.55333536
1.5533338
1.5533338
1.69333327
1.69333327
1.69333375
1.69333375
1.69333362
1.69333362
1.6933335
1.6933335
1.69333346
1.69333346
1.69333345
1.69333345
1.69333337
1.69333337
1.69333335
1.69333335
1.6933333
1.6933333
1.69333327
1.69333327
1.69333322
1.69333322
1.69332845
1.69332845
1.69333289
1.69333289
1.69333297
1.69333297
1.69333289
1.69333289
1.69333287
1.69333287
1.69333287
1.69333287
1.69333269
1.69333269
1.69333275
1.69333275
1.69333284
1.69333284
1.69333283
1.69333283
1.6933329
1.6933329
1.69333281
1.69333281
1.6933328
1.6933328
1.69333047
1.69333047
1.69333274
1.69333274
1.69333275
1.69333275
1.69333275
1.69333275
1.69333273
1.69333273
1.69333273
1.69333273
1.69332968
1.69332968
1.69333257
1.69333257
1.69333268
1.69333268
1.69333278
1.69333278
1.69333268
1.69333268
1.69333266
1.69333266
1.69333277
1.69333277
1.69333256
1.69333256
1.69333254
1.69333254
1.69333265
1.69333265
1.69333266
1.69333266
1.69333264
1.69333264
1.69333262
1.69333262
1.71000359
1.71000359
1.70999932
1.70999932
1.70999941
1.70999941
1.70999931
1.70999931
1.70999929
1.70999929
1.70999941
1.70999941
1.7099993
1.7099993
1.70999126
1.70999126
1.70999907
1.70999907
1.70999937
1.70999937
1.70999924
1.70999924
1.70999923
1.70999923
1.70999935
1.70999935
1.70999911
1.70999911
1.70999924
1.70999924
1.70999924
1.70999924
1.70999936
1.70999936
1.70999925
1.70999925
1.70999925
1.70999925
1.70999899
1.70999899
1.70999924
1.70999924
1.70999925
1.70999925
1.70999912
1.70999912
1.70999924
1.70999924
1.70999937
1.70999937
1.70999925
1.70999925
1.70998965
1.70998965
1.70999907
1.70999907
1.70999898
1.70999898
1.70999923
1.70999923
1.70999922
1.70999922
1.70999922
1.70999922
1.70999936
1.70999936
1.70999922
1.70999922
1.70999923
1.70999923
1.70999898
1.70999898
1.70999923
1.70999923
1.70999923
1.70999923
1.70999924
1.70999924
1.7099994
1.7099994
1.68675671
1.68675671
1.68666391
1.68666391
1.68666616
1.68666616
1.68666634
1.68666634
1.68666633
1.68666633
1.68666637
1.68666637
1.68666644
1.68666644
1.68666644
1.68666644
1.68666651
1.68666651
1.68666654
1.68666654
1.68666659
1.68666659
1.68666664
1.68666664
1.68666669
1.68666669
1.68666671
1.68666671
1.6866679
1.6866679
1.68666715
1.68666715
1.68666718
1.68666718
1.68666734
1.68666734
1.68666716
1.68666716
1.68666741
1.68666741
1.68666727
1.68666727
1.68666731
1.68666731
1.68666735
1.68666735
1.6866674
1.6866674
1.68666741
1.68666741
1.68666744
1.68666744
1.68666757
1.68666757
1.6866676
1.6866676
1.68666747
1.68666747
1.68666745
1.68666745
1.68666744
1.68666744
1.6866673
1.6866673
1.68667173
1.68667173
1.68666763
1.68666763
1.68666747
1.68666747
1.68666734
1.68666734
1.68666747
1.68666747
1.68666761
1.68666761
1.68666748
1.68666748
1.68666749
1.68666749
1.68666763
1.68666763
1.6866675
1.6866675
1.6866675
1.6866675
1.68666736
1.68666736
1.6866675
1.6866675
1.60012791
1.60012791
1.60000153
1.60000153
1.60000085
1.60000085
1.60000084
1.60000084
1.60000085
1.60000085
1.60000071
1.60000071
1.60000085
1.60000085
1.60000578
1.60000578
1.60000107
1.60000107
1.6000009
1.6000009
1.60000075
1.60000075
1.60000091
1.60000091
1.60000089
1.60000089
1.60000075
1.60000075
1.60000102
1.60000102
1.60000088
1.60000088
1.60000094
1.60000094
1.60000095
1.60000095
1.60000101
1.60000101
1.60000103
1.60000103
1.60000628
1.60000628
1.60000101
1.60000101
1.60000096
1.60000096
1.60000101
1.60000101
1.60000082
1.60000082
1.60000099
1.60000099
1.60000118
1.60000118
1.6000037
1.6000037
1.60000102
1.60000102
1.60000104
1.60000104
1.60000123
1.60000123
1.60000122
1.60000122
1.60000108
1.60000108
1.60000107
1.60000107
1.60000085
1.60000085
1.60000139
1.60000139
1.60000156
1.60000156
1.60000111
1.60000111
1.60000104
1.60000104
1.60000091
1.60000091
1.60000109
1.60000109
1.60000106
1.60000106
1.60000114
1.60000114
1.6000014
1.6000014
1.60000126
1.60000126
1.60000112
1.60000112
1.60000095
1.60000095
1.60000112
1.60000112
1.60000096
1.60000096
1.60000116
1.60000116
1.59336398
1.59336398
1.59333488
1.59333488
1.59333456
1.59333456
1.59333445
1.59333445
1.59333433
1.59333433
1.59333452
1.59333452
1.59333453
1.59333453
1.5933348
1.5933348
1.5933346
1.5933346
1.59333478
1.59333478
1.59333464
1.59333464
1.59333457
1.59333457
1.59333434
1.59333434
1.59334437
1.59334437
1.5933349
1.5933349
1.59333446
1.59333446
1.59333489
1.59333489
1.59333452
1.59333452
1.59333441
1.59333441
1.59333466
1.59333466
1.59333485
1.59333485
1.5933347
1.5933347
1.59333483
1.59333483
1.5933347
1.5933347
1.59333471
1.59333471
1.59333467
1.59333467
1.59333451
1.59333451
1.59334551
1.59334551
1.59333504
1.59333504
1.59333457
1.59333457
1.59333481
1.59333481
1.59333481
1.59333481
1.5933345
1.5933345
1.59333475
1.59333475
1.5933351
1.5933351
1.59333482
1.59333482
1.59333484
1.59333484
1.5933351
1.5933351
1.50333791
1.50333791
1.50333488
1.50333488
1.50334881
1.50334881
1.50333503
1.50333503
1.50333494
1.50333494
1.50333502
1.50333502
1.50333488
1.50333488
1.50333529
1.50333529
1.50333492
1.50333492
1.5033349
1.5033349
1.503335
1.503335
1.50333496
1.50333496
1.50333497
1.50333497
1.50333471
1.50333471
1.50333505
1.50333505
1.50333555
1.50333555
1.50333503
1.50333503
1.50333498
1.50333498
1.5033348
1.5033348
1.5033351
1.5033351
1.50333497
1.50333497
1.50333515
1.50333515
1.50334228
1.50334228
1.50333534
1.50333534
1.50333495
1.50333495
1.50333509
1.50333509
1.50333515
1.50333515
1.50333508
1.50333508
1.50333519
1.50333519
1.50333541
1.50333541
1.50333517
1.50333517
1.50333526
1.50333526
1.50333485
1.50333485
1.50333525
1.50333525
1.50333525
1.50333525
1.50335062
1.50335062
1.50333573
1.50333573
1.50333525
1.50333525
1.50333527
1.50333527
1.50333488
1.50333488
1.5033353
1.5033353
1.35667592
1.35667592
1.35666938
1.35666938
1.35666869
1.35666869
1.35666877
1.35666877
1.35666837
1.35666837
1.35666913
1.35666913
1.35666883
1.35666883
1.35667352
1.35667352
1.35666883
1.35666883
1.35666877
1.35666877
1.35666849
1.35666849
1.35666888
1.35666888
1.35666889
1.35666889
1.35666889
1.35666889
1.35670004
1.35670004
1.3566691
1.3566691
1.35666898
1.35666898
1.35666859
1.35666859
1.35666906
1.35666906
1.35666903
1.35666903
1.3566686
1.3566686
1.35666942
1.35666942
1.35666946
1.35666946
1.35666861
1.35666861
1.35666942
1.35666942
1.35666904
1.35666904
1.35666862
1.35666862
1.35668352
1.35668352
1.35667014
1.35667014
1.35666964
1.35666964
1.35667017
1.35667017
1.35666971
1.35666971
1.35666969
1.35666969
1.35666972
1.35666972
1.35667054
1.35667054
1.3566701
1.3566701
1.35666971
1.35666971
1.35666919
1.35666919
1.35666867
1.35666867
1.35666903
1.35666903
1.35666864
1.35666864
1.35666898
1.35666898
1.35667007
1.35667007
1.35666939
1.35666939
1.21338048
1.21338048
1.21333645
1.21333645
1.21333612
1.21333612
1.21333603
1.21333603
1.21333602
1.21333602
1.21334668
1.21334668
1.21333614
1.21333614
1.21333604
1.21333604
1.21333568
1.21333568
1.21333647
1.21333647
1.21333603
1.21333603
1.2133633
1.2133633
1.21334051
1.21334051
1.21333956
1.21333956
1.21333888
1.21333888
1.21334164
1.21334164
1.21334074
1.21334074
1.21333974
1.21333974
1.21340439
1.21340439
1.2133443
1.2133443
1.21334434
1.21334434
1.21334429
1.21334429
1.21334294
1.21334294
1.21334522
1.21334522
1.21334512
1.21334512
1.2133477
1.2133477
1.21335017
1.21335017
1.21334639
1.21334639
1.21334668
1.21334668
1.21334453
1.21334453
1.21334716
1.21334716
1.21343298
1.21343298
1.21334915
1.21334915
1.21334889
1.21334889
1.21334897
1.21334897
1.21334907
1.21334907
1.2133493
1.2133493
1.21334683
1.21334683
1.21335534
1.21335534
1.21335246
1.21335246
1.21335009
1.21335009
1.21335003
1.21335003
1.21334753
1.21334753
1.21335015
1.21335015
1.21335053
1.21335053
1.1634653
1.1634653
1.16335498
1.16335498
1.16335109
1.16335109
1.16334815
1.16334815
1.16335129
1.16335129
1.16335107
1.16335107
1.16334833
1.16334833
1.16335434
1.16335434
1.16335129
1.16335129
1.16334827
1.16334827
1.16335778
1.16335778
1.16335111
1.16335111
1.1633513
1.1633513
1.16473005
1.16473005
1.16664706
1.16664706
1.16665687
1.16665687
1.16665787
1.16665787
1.16665939
1.16665939
1.16665771
1.16665771
1.1666586
1.1666586
1.16665659
1.16665659
1.16665949
1.16665949
1.16665592
1.16665592
1.16665805
1.16665805
1.16665759
1.16665759
1.16665801
1.16665801
1.16665702
1.16665702
1.16665769
1.16665769
1.16665774
1.16665774
1.1666584
1.1666584
1.16665633
1.16665633
1.1666594
1.1666594
1.16665693
1.16665693
1.16665673
1.16665673
1.1666552
1.1666552
1.16665533
1.16665533
1.16665929
1.16665929
1.16665665
1.16665665
1.16665946
1.16665946
1.16665914
1.16665914
1.16665907
1.16665907
1.16666048
1.16666048
1.16665946
1.16665946
1.16665927
1.16665927
1.16665801
1.16665801
1.16665757
1.16665757
1.16665798
1.16665798
1.16665968
1.16665968
1.16666067
1.16666067
1.1666605
1.1666605
1.16665955
1.16665955
1.16664918
1.16664918
1.16665848
1.16665848
1.16665881
1.16665881
1.16665919
1.16665919
1.16666023
1.16666023
1.16665681
1.16665681
1.16665761
1.16665761
1.16665913
1.16665913
1.16665927
1.16665927
1.16665654
1.16665654
1.16665775
1.16665775
1.34801444
1.34801444
1.34666112
1.34666112
1.34665382
1.34665382
1.34665553
1.34665553
1.3466531
1.3466531
1.34665074
1.34665074
1.3466531
1.3466531
1.34658709
1.34658709
1.34664816
1.34664816
1.34665052
1.34665052
1.34665287
1.34665287
1.34664805
1.34664805
1.34665258
1.34665258
1.34664973
1.34664973
1.34664625
1.34664625
1.34664563
1.34664563
1.34664901
1.34664901
1.34664775
1.34664775
1.34664802
1.34664802
1.34665067
1.34665067
1.34650055
1.34650055
1.34664249
1.34664249
1.34664342
1.34664342
1.34664269
1.34664269
1.34664225
1.34664225
1.34664524
1.34664524
1.34664203
1.34664203
1.34663614
1.34663614
1.34664393
1.34664393
1.34663413
1.34663413
1.34663814
1.34663814
1.34663807
1.34663807
1.3466365
1.3466365
1.34628597
1.34628597
1.34661804
1.34661804
1.346632
1.346632
1.34662438
1.34662438
1.34663019
1.34663019
1.34662158
1.34662158
1.34661985
1.34661985
1.34661899
1.34661899
1.34661775
1.34661775
1.34660626
1.34660626
1.34661355
1.34661355
1.50627097
1.50627097
1.50660304
1.50660304
1.50424911
1.50424911
1.5065127
1.5065127
1.50652076
1.50652076
1.50651498
1.50651498
1.50653568
1.50653568
1.50650354
1.50650354
1.50649678
1.50649678
1.50645975
1.50645975
1.5064817
1.5064817
1.50644227
1.50644227
1.50650018
1.50650018
1.50638999
1.50638999
1.50644976
1.50644976
1.50567007
1.50567007
1.50640749
1.50640749
1.50640477
1.50640477
1.50630681
1.50630681
1.50638858
1.50638858
1.5062395
1.5062395
1.50627653
1.50627653
1.50616824
1.50616824
1.50631172
1.50631172
1.50641108
1.50641108
1.50625636
1.50625636
1.50630542
1.50630542
1.50635716
1.50635716
1.50635835
1.50635835
1.50641088
1.50641088
1.50636273
1.50636273
1.50631654
1.50631654
1.50632234
1.50632234
1.50637686
1.50637686
1.50642955
1.50642955
1.5063888
1.5063888
1.50639582
1.50639582
1.50640366
1.50640366
1.50609238
1.50609238
1.50643293
1.50643293
1.50644431
1.50644431
1.50648884
1.50648884
1.5063989
1.5063989
1.50647663
1.50647663
1.50648706
1.50648706
1.50649732
1.50649732
1.50653297
1.50653297
1.50651578
1.50651578
1.50652557
1.50652557
1.50651434
1.50651434
1.50654569
1.50654569
1.50612573
1.50612573
1.50658106
1.50658106
1.50660236
1.50660236
1.50661686
1.50661686
1.50662933
1.50662933
1.50662741
1.50662741
1.50662046
1.50662046
1.50663778
1.50663778
1.50664201
1.50664201
1.50664882
1.50664882
1.50664774
1.50664774
1.50665226
1.50665226
1.50665442
1.50665442
1.50665668
1.50665668
1.50666071
1.50666071
1.50666509
1.50666509
1.50666639
1.50666639
1.50666907
1.50666907
1.50667102
1.50667102
1.62322254
1.62322254
1.62335148
1.62335148
1.62335298
1.62335298
1.62335411
1.62335411
1.62335474
1.62335474
1.62335154
1.62335154
1.62335642
1.62335642
1.62341776
1.62341776
1.62335911
1.62335911
1.62335512
1.62335512
1.62335994
1.62335994
1.6233605
1.6233605
1.62335613
1.62335613
1.62354558
1.62354558
1.62336775
1.62336775
1.62336277
1.62336277
1.62335808
1.62335808
1.62336316
1.62336316
1.62336357
1.62336357
1.62376215
1.62376215
1.62336933
1.62336933
1.62336273
1.62336273
1.62335763
1.62335763
1.62336206
1.62336206
1.62335751
1.62335751
1.62337125
1.62337125
1.62336191
1.62336191
1.62336221
1.62336221
1.62336134
1.62336134
1.62335654
1.62335654
1.62336134
1.62336134
1.62336091
1.62336091
1.68939856
1.68939856
1.69002204
1.69002204
1.69002516
1.69002516
1.69002466
1.69002466
1.69002076
1.69002076
1.69002489
1.69002489
1.69002026
1.69002026
1.69002899
1.69002899
1.69002433
1.69002433
1.69002407
1.69002407
1.69002417
1.69002417
1.69002368
1.69002368
1.69002766
1.69002766
1.69021592
1.69021592
1.69002198
1.69002198
1.69001701
1.69001701
1.69002655
1.69002655
1.69002263
1.69002263
1.6900187
1.6900187
1.69001542
1.69001542
1.69002088
1.69002088
1.69001732
1.69001732
1.69001675
1.69001675
1.69002136
1.69002136
1.69001522
1.69001522
1.69001462
1.69001462
1.69001184
1.69001184
1.69001369
1.69001369
1.69001099
1.69001099
1.69008052
1.69008052
1.69001264
1.69001264
1.69000891
1.69000891
1.69000864
1.69000864
1.69000691
1.69000691
1.69000797
1.69000797
1.69000764
1.69000764
1.69000733
1.69000733
1.69000812
1.69000812
1.69000659
1.69000659
1.69000526
1.69000526
1.69000692
1.69000692
1.71917274
1.71917274
1.7200302
1.7200302
1.72000605
1.72000605
1.72000516
1.72000516
1.72000433
1.72000433
1.7200052
1.7200052
1.72000518
1.72000518
1.72000432
1.72000432
1.72000597
1.72000597
1.72000506
1.72000506
1.72000502
1.72000502
1.72000418
1.72000418
1.72000494
1.72000494
1.72000495
1.72000495
1.72000658
1.72000658
1.72000575
1.72000575
1.72000577
1.72000577
1.72000495
1.72000495
1.72000494
1.72000494
1.72000412
1.72000412
1.72000572
1.72000572
1.72003542
1.72003542
1.72000491
1.72000491
1.72000472
1.72000472
1.72000472
1.72000472
1.72000394
1.72000394
1.72000546
1.72000546
1.72000548
1.72000548
1.72000621
1.72000621
1.72000464
1.72000464
1.72000462
1.72000462
1.72000384
1.72000384
1.72000464
1.72000464
1.72002699
1.72002699
1.7200033
1.7200033
1.72000335
1.72000335
1.72000353
1.72000353
1.72000373
1.72000373
1.72000378
1.72000378
1.72000391
1.72000391
1.72003444
1.72003444
1.72000439
1.72000439
1.72000427
1.72000427
1.70302736
1.70302736
1.70333602
1.70333602
1.70333812
1.70333812
1.70333845
1.70333845
1.7033382
1.7033382
1.70333757
1.70333757
1.70333686
1.70333686
1.70333765
1.70333765
1.70333762
1.70333762
1.70333672
1.70333672
1.70334352
1.70334352
1.70333747
1.70333747
1.70333689
1.70333689
1.70333726
1.70333726
1.70333763
1.70333763
1.70333733
1.70333733
1.7033745
1.7033745
1.70333772
1.70333772
1.70333735
1.70333735
1.70333679
1.70333679
1.70333744
1.70333744
1.70333735
1.70333735
1.70333692
1.70333692
1.70333816
1.70333816
1.70333788
1.70333788
1.70333662
1.70333662
1.70333863
1.70333863
1.70333732
1.70333732
1.70333739
1.70333739
1.70337783
1.70337783
1.70333801
1.70333801
1.7033366
1.7033366
1.70333727
1.70333727
1.70333773
1.70333773
1.70333721
1.70333721
1.70333773
1.70333773
1.70333726
1.70333726
1.70333786
1.70333786
1.70333701
1.70333701
1.70333715
1.70333715
1.70333719
1.70333719
1.70333618
1.70333618
1.71336749
1.71336749
1.7133373
1.7133373
1.71333716
1.71333716
1.71333702
1.71333702
1.71333725
1.71333725
1.71333714
1.71333714
1.71335249
1.71335249
1.71333697
1.71333697
1.71333709
1.71333709
1.71333711
1.71333711
1.71333636
1.71333636
1.71333701
1.71333701
1.71333703
1.71333703
1.71335209
1.71335209
1.71333693
1.71333693
1.71333675
1.71333675
1.71333651
1.71333651
1.71333674
1.71333674
1.71333717
1.71333717
1.71334192
1.71334192
1.7133385
1.7133385
1.71333805
1.71333805
1.71333849
1.71333849
1.71333703
1.71333703
1.71333691
1.71333691
1.71333695
1.71333695
1.71333756
1.71333756
1.71333777
1.71333777
1.71333712
1.71333712
1.71333632
1.71333632
1.71333684
1.71333684
1.71333684
1.71333684
1.71333615
1.71333615
1.71333701
1.71333701
1.71333814
1.71333814
1.71333728
1.71333728
1.71333632
1.71333632
1.7133367
1.7133367
1.71333687
1.71333687
1.7133362
1.7133362
1.71336301
1.71336301
1.71333677
1.71333677
1.71333639
1.71333639
1.71333676
1.71333676
1.71333642
1.71333642
1.71333611
1.71333611
1.71333747
1.71333747
1.71333663
1.71333663
1.71333665
1.71333665
1.71333643
1.71333643
1.71333679
1.71333679
1.71333636
1.71333636
1.76001434
1.76001434
1.76001964
1.76001964
1.76000322
1.76000322
1.76000316
1.76000316
1.76000269
1.76000269
1.76000294
1.76000294
1.76000315
1.76000315
1.76000252
1.76000252
1.7600036
1.7600036
1.76000363
1.76000363
1.76000313
1.76000313
1.76000258
1.76000258
1.76000357
1.76000357
1.76000302
1.76000302
1.76002877
1.76002877
1.76000322
1.76000322
1.76000305
1.76000305
1.76000307
1.76000307
1.76000401
1.76000401
1.76000301
1.76000301
1.76000355
1.76000355
1.76000311
1.76000311
1.76000313
1.76000313
1.76000308
1.76000308
1.76000252
1.76000252
1.76000359
1.76000359
1.76000293
1.76000293
1.76000474
1.76000474
1.7600029
1.7600029
1.76000282
1.76000282
1.76000286
1.76000286
1.76000575
1.76000575
1.76000298
1.76000298
1.760003
1.760003
1.76000302
1.76000302
1.76000302
1.76000302
1.76000294
1.76000294
1.76000298
1.76000298
1.76000379
1.76000379
1.76000335
1.76000335
1.76000235
1.76000235
1.76000281
1.76000281
1.76000282
1.76000282
1.76000237
1.76000237
1.76002644
1.76002644
1.76000321
1.76000321
1.7600022
1.7600022
1.76000263
1.76000263
1.7600027
1.7600027
1.7600023
1.7600023
1.81333396
1.81333396
1.81333713
1.81333713
1.81333614
1.81333614
1.81333609
1.81333609
1.81333565
1.81333565
1.81333605
1.81333605
1.81333611
1.81333611
1.81333698
1.81333698
1.81333606
1.81333606
1.81333633
1.81333633
1.81333576
1.81333576
1.81333561
1.81333561
1.81333547
1.81333547
1.8133353
1.8133353
1.8133357
1.8133357
1.81333466
1.81333466
1.81333448
1.81333448
1.81333422
1.81333422
1.8133338
1.8133338
1.81333361
1.81333361
1.81333333
1.81333333
1.81333303
1.81333303
1.81333285
1.81333285
1.81333271
1.81333271
1.81333254
1.81333254
1.81333238
1.81333238
1.81332001
1.81332001
1.81333137
1.81333137
1.81333165
1.81333165
1.81333127
1.81333127
1.81333119
1.81333119
1.81333145
1.81333145
1.81333108
1.81333108
1.8133305
1.8133305
1.81333048
1.81333048
1.81333083
1.81333083
1.81333027
1.81333027
1.81333075
1.81333075
1.81333072
1.81333072
1.81331311
1.81331311
1.81333009
1.81333009
1.81333098
1.81333098
1.81333057
1.81333057
1.81333056
1.81333056
1.81333052
1.81333052
1.8133305
1.8133305
1.81332908
1.81332908
1.81333053
1.81333053
1.81333048
1.81333048
1.8133305
1.8133305
1.81333055
1.81333055
1.81333054
1.81333054
1.83329934
1.83329934
1.83332938
1.83332938
1.83333053
1.83333053
1.83333053
1.83333053
1.833331
1.833331
1.83333071
1.83333071
1.83333074
1.83333074
1.83333004
1.83333004
1.83333062
1.83333062
1.83333118
1.83333118
1.8333307
1.8333307
1.83333051
1.83333051
1.83333064
1.83333064
1.83331494
1.83331494
1.83333049
1.83333049
1.83333105
1.83333105
1.83333056
1.83333056
1.83333057
1.83333057
1.83333111
1.83333111
1.83333025
1.83333025
1.83330952
1.83330952
1.83333011
1.83333011
1.83333072
1.83333072
1.83333077
1.83333077
1.8333308
1.8333308
1.83333119
1.83333119
1.83333042
1.83333042
1.83333077
1.83333077
1.83333076
1.83333076
1.83333077
1.83333077
1.83333037
1.83333037
1.83333077
1.83333077
1.83331738
1.83331738
1.83333034
1.83333034
1.83333092
1.83333092
1.83333126
1.83333126
1.90352917
1.90352917
1.90333194
1.90333194
1.903331
1.903331
1.90333062
1.90333062
1.90333105
1.90333105
1.903331
1.903331
1.90333137
1.90333137
1.90333098
1.90333098
1.903331
1.903331
1.90333029
1.90333029
1.90333074
1.90333074
1.90333161
1.90333161
1.90333105
1.90333105
1.90333147
1.90333147
1.90333162
1.90333162
1.90333171
1.90333171
1.90332943
1.90332943
1.90333232
1.90333232
1.90333259
1.90333259
1.90333256
1.90333256
1.90333279
1.90333279
1.90333278
1.90333278
1.90333279
1.90333279
1.90333299
1.90333299
1.90333311
1.90333311
1.90333316
1.90333316
1.90333327
1.90333327
1.90333338
1.90333338
1.90333936
1.90333936
1.90333414
1.90333414
1.90333417
1.90333417
1.90333441
1.90333441
1.90333449
1.90333449
1.90333439
1.90333439
1.90333445
1.90333445
1.90333451
1.90333451
1.90333457
1.90333457
1.90333441
1.90333441
1.90333493
1.90333493
1.90333474
1.90333474
1.90333478
1.90333478
1.90334507
1.90334507
1.90333471
1.90333471
1.90333466
1.90333466
1.90333527
1.90333527
1.90333485
1.90333485
1.90333463
1.90333463
1.98353054
1.98353054
1.98333564
1.98333564
1.98333444
1.98333444
1.98333465
1.98333465
1.98333507
1.98333507
1.98333463
1.98333463
1.98333461
1.98333461
1.9833344
1.9833344
1.98333461
1.98333461
1.9833346
1.9833346
1.98334842
1.98334842
1.98333485
1.98333485
1.98333457
1.98333457
1.98333457
1.98333457
1.98333436
1.98333436
1.98333457
1.98333457
1.98333436
1.98333436
1.98333519
1.98333519
1.98333456
1.98333456
1.98333456
1.98333456
1.98333476
1.98333476
1.98333455
1.98333455
1.98333454
1.98333454
1.98334406
1.98334406
1.98333459
1.98333459
1.98333457
1.98333457
1.98333447
1.98333447
1.9833345
1.9833345
1.98333428
1.98333428
1.983335
1.983335
1.98333447
1.98333447
1.98333449
1.98333449
1.98333448
1.98333448
1.9833343
1.9833343
1.98333485
1.98333485
1.98333469
1.98333469
1.98333431
1.98333431
1.98333442
1.98333442
1.98333425
1.98333425
1.98333447
1.98333447
1.98333445
1.98333445
1.98333447
1.98333447
1.98333672
1.98333672
1.98671406
1.98671406
1.98666823
1.98666823
1.98666773
1.98666773
1.9866678
1.9866678
1.98666819
1.98666819
1.98666781
1.98666781
1.98666777
1.98666777
1.98666777
1.98666777
1.9866676
1.9866676
1.98666772
1.98666772
1.98666779
1.98666779
1.98666774
1.98666774
1.98667535
1.98667535
1.98666778
1.98666778
1.98666777
1.98666777
1.98666757
1.98666757
1.98666772
1.98666772
1.9866679
1.9866679
1.98666796
1.98666796
1.98666816
1.98666816
1.98666792
1.98666792
1.98666757
1.98666757
1.98666772
1.98666772
1.98666778
1.98666778
1.98666774
1.98666774
1.98666758
1.98666758
1.98666811
1.98666811
1.98666809
1.98666809
1.98666777
1.98666777
1.98666771
1.98666771
1.98666761
1.98666761
1.98666776
1.98666776
1.98667049
1.98667049
1.98666778
1.98666778
1.9866677
1.9866677
1.98666754
1.98666754
1.98666769
1.98666769
1.98666771
1.98666771
1.98666809
1.98666809
1.98666775
1.98666775
1.98666774
1.98666774
1.98666792
1.98666792
1.98666779
1.98666779
1.9866677
1.9866677
1.9866676
1.9866676
1.98666855
1.98666855
1.9866678
1.9866678
1.98666751
1.98666751
1.98666777
1.98666777
1.98666757
1.98666757
1.98666766
1.98666766
1.98666923
1.98666923
1.98666773
1.98666773
1.98666778
1.98666778
1.98666783
1.98666783
1.98666773
1.98666773
1.98666772
1.98666772
1.98666766
1.98666766
1.9866692
1.9866692
1.9866677
1.9866677
1.98666756
1.98666756
1.98666776
1.98666776
1.98666773
1.98666773
1.98666756
1.98666756
2.05000394
2.05000394
2.05000107
2.05000107
2.050001
2.050001
2.05000131
2.05000131
2.05000107
2.05000107
2.05000124
2.05000124
2.05000125
2.05000125
2.0500013
2.0500013
2.05000101
2.05000101
2.05000104
2.05000104
2.05000104
2.05000104
2.05000089
2.05000089
2.050001
2.050001
2.05000157
2.05000157
2.05000111
2.05000111
2.05000103
2.05000103
2.05000112
2.05000112
2.05000087
2.05000087
2.05000107
2.05000107
2.05000298
2.05000298
2.05000106
2.05000106
2.05000098
2.05000098
2.05000106
2.05000106
2.0500009
2.0500009
2.05000102
2.05000102
2.05000086
2.05000086
2.05000319
2.05000319
2.05000103
2.05000103
2.05000081
2.05000081
2.05000101
2.05000101
2.05000102
2.05000102
2.05000106
2.05000106
2.05000159
2.05000159
2.05000125
2.05000125
2.05000104
2.05000104
2.05000119
2.05000119
2.05000084
2.05000084
2.05000106
2.05000106
2.05000145
2.05000145
2.05000126
2.05000126
2.05000085
2.05000085
2.05000106
2.05000106
2.05000085
2.05000085
2.05000103
2.05000103
2.05000102
2.05000102
2.05000251
2.05000251
2.05000103
2.05000103
2.05000102
2.05000102
2.05000102
2.05000102
2.05000134
2.05000134
2.05000105
2.05000105
2.0500014
2.0500014
2.05000121
2.05000121
2.05000103
2.05000103
2.05000084
2.05000084
2.05000097
2.05000097
2.05000132
2.05000132
2.05000103
2.05000103
2.05000101
2.05000101
2.05000086
2.05000086
2.05000106
2.05000106
2.05000104
2.05000104
2.1966708
2.1966708
2.1966679
2.1966679
2.19666842
2.19666842
2.19666769
2.19666769
2.19666771
2.19666771
2.19666752
2.19666752
2.19666767
2.19666767
2.1966675
2.1966675
2.19666781
2.19666781
2.19666766
2.19666766
2.19666766
2.19666766
2.19666768
2.19666768
2.19666772
2.19666772
2.19666753
2.19666753
2.19666826
2.19666826
2.19666905
2.19666905
2.19666769
2.19666769
2.19666785
2.19666785
2.19666784
2.19666784
2.19666751
2.19666751
2.19666768
2.19666768
2.19666784
2.19666784
2.19666784
2.19666784
2.19666766
2.19666766
2.19666751
2.19666751
2.19666785
2.19666785
2.1966677
2.1966677
2.19666773
2.19666773
2.19666806
2.19666806
2.19666771
2.19666771
2.19666771
2.19666771
2.19666769
2.19666769
2.19666786
2.19666786
2.19666785
2.19666785
2.19666786
2.19666786
2.19666769
2.19666769
2.1966677
2.1966677
2.19666751
2.19666751
2.1966677
2.1966677
2.19666789
2.19666789
2.1966686
2.1966686
2.19666771
2.19666771
2.19666767
2.19666767
2.19666766
2.19666766
2.1966675
2.1966675
2.19666944
2.19666944
2.19666773
2.19666773
2.19666772
2.19666772
2.19666771
2.19666771
2.19666771
2.19666771
2.19666769
2.19666769
2.19666801
2.19666801
2.19666768
2.19666768
2.19666769
2.19666769
2.19666769
2.19666769
2.19666751
2.19666751
2.19666761
2.19666761
2.19666742
2.19666742
2.19666786
2.19666786
2.19666755
2.19666755
2.19666727
2.19666727
2.19666708
2.19666708
2.19666705
2.19666705
2.19666693
2.19666693
2.19666669
2.19666669
2.19666658
2.19666658
2.19666653
2.19666653
2.1966665
2.1966665
2.19666642
2.19666642
2.19666636
2.19666636
2.1966663
2.1966663
2.32999731
2.32999731
2.32999892
2.32999892
2.32999917
2.32999917
2.32999881
2.32999881
2.32999911
2.32999911
2.32999907
2.32999907
2.32999922
2.32999922
2.32999904
2.32999904
2.3299987
2.3299987
2.32999902
2.32999902
2.32999898
2.32999898
2.32999897
2.32999897
2.32999914
2.32999914
2.32999895
2.32999895
2.32999857
2.32999857
2.32999891
2.32999891
2.3299989
2.3299989
2.32999872
2.32999872
2.32999889
2.32999889
2.32999848
2.32999848
2.32999886
2.32999886
2.32999883
2.32999883
2.32999878
2.32999878
2.32999901
2.32999901
2.3299988
2.3299988
2.32999856
2.32999856
2.32999856
2.32999856
2.32999876
2.32999876
2.32999894
2.32999894
2.32999875
2.32999875
2.32999875
2.32999875
2.32999872
2.32999872
2.32999439
2.32999439
2.32999869
2.32999869
2.32999871
2.32999871
2.32999891
2.32999891
2.32999866
2.32999866
2.32999823
2.32999823
2.32999863
2.32999863
2.32999865
2.32999865
2.32999821
2.32999821
2.32999865
2.32999865
2.32999866
2.32999866
2.32999865
2.32999865
2.32999823
2.32999823
2.32999862
2.32999862
2.32999819
2.32999819
2.32999864
2.32999864
2.32999887
2.32999887
2.32999862
2.32999862
2.32999864
2.32999864
2.32999862
2.32999862
2.32999837
2.32999837
2.35001384
2.35001384
2.34999871
2.34999871
2.34999866
2.34999866
2.34999883
2.34999883
2.34999841
2.34999841
2.34999844
2.34999844
2.34999885
2.34999885
2.34999843
2.34999843
2.34999819
2.34999819
2.34999864
2.34999864
2.34999887
2.34999887
2.34999864
2.34999864
2.34999866
2.34999866
2.34999749
2.34999749
2.34999864
2.34999864
2.34999889
2.34999889
2.34999865
2.34999865
2.34999867
2.34999867
2.34999867
2.34999867
2.34999536
2.34999536
2.34999862
2.34999862
2.34999864
2.34999864
2.34999843
2.34999843
2.34999842
2.34999842
2.34999866
2.34999866
2.34999869
2.34999869
2.3499989
2.3499989
2.34999866
2.34999866
2.34999871
2.34999871
2.34999868
2.34999868
2.34999866
2.34999866
2.34999824
2.34999824
2.34999869
2.34999869
2.34999889
2.34999889
2.34999869
2.34999869
2.34999454
2.34999454
2.34999878
2.34999878
2.34999883
2.34999883
2.34999907
2.34999907
2.34999897
2.34999897
2.34999902
2.34999902
2.34999897
2.34999897
2.34999907
2.34999907
2.3499994
2.3499994
2.34999938
2.34999938
2.34999945
2.34999945
2.34999953
2.34999953
2.34999968
2.34999968
2.29684888
2.29684888
2.29666905
2.29666905
2.29666799
2.29666799
2.29666761
2.29666761
2.29666777
2.29666777
2.29666757
2.29666757
2.29666773
2.29666773
2.29666804
2.29666804
2.29666768
2.29666768
2.29666783
2.29666783
2.29666767
2.29666767
2.29666768
2.29666768
2.29666752
2.29666752
2.2966677
2.2966677
2.29666789
2.29666789
2.29666807
2.29666807
2.29666773
2.29666773
2.29666773
2.29666773
2.29666755
2.29666755
2.29666773
2.29666773
2.2966679
2.2966679
2.29666791
2.29666791
2.29666755
2.29666755
2.29666772
2.29666772
2.29666773
2.29666773
2.29666755
2.29666755
2.29666791
2.29666791
2.29666791
2.29666791
2.29666828
2.29666828
2.29666757
2.29666757
2.29666776
2.29666776
2.29666758
2.29666758
2.29666775
2.29666775
2.29666794
2.29666794
2.29666794
2.29666794
2.29666776
2.29666776
2.29666758
2.29666758
2.29666776
2.29666776
2.29666758
2.29666758
2.29666795
2.29666795
2.29666777
2.29666777
2.29666981
2.29666981
2.29666779
2.29666779
2.29666779
2.29666779
2.29666795
2.29666795
2.29666774
2.29666774
2.29666772
2.29666772
2.29666755
2.29666755
2.2966677
2.2966677
2.29666776
2.29666776
2.29666759
2.29666759
2.29666797
2.29666797
2.29666762
2.29666762
2.29666775
2.29666775
2.21369894
2.21369894
2.2133369
2.2133369
2.21333452
2.21333452
2.21333444
2.21333444
2.21333466
2.21333466
2.21333451
2.21333451
2.21333428
2.21333428
2.2133345
2.2133345
2.21333484
2.21333484
2.21333456
2.21333456
2.21333451
2.21333451
2.2133345
2.2133345
2.21333433
2.21333433
2.21333445
2.21333445
2.21333457
2.21333457
2.21334332
2.21334332
2.21333453
2.21333453
2.21333485
2.21333485
2.21333447
2.21333447
2.21333456
2.21333456
2.2133345
2.2133345
2.2133343
2.2133343
2.21333451
2.21333451
2.21333444
2.21333444
2.21333449
2.21333449
2.21333487
2.21333487
2.21333429
2.21333429
2.21333445
2.21333445
2.21333451
2.21333451
2.2133345
2.2133345
2.21333511
2.21333511
2.21333456
2.21333456
2.21333445
2.21333445
2.21333455
2.21333455
2.21333439
2.21333439
2.21333446
2.21333446
2.21333455
2.21333455
2.21333791
2.21333791
2.21333461
2.21333461
2.18981733
2.18981733
2.19000064
2.19000064
2.19000125
2.19000125
2.19000118
2.19000118
2.19000116
2.19000116
2.19000135
2.19000135
2.19000115
2.19000115
2.19000112
2.19000112
2.19000123
2.19000123
2.19000145
2.19000145
2.19000123
2.19000123
2.19000643
2.19000643
2.1900012
2.1900012
2.1900013
2.1900013
2.19000121
2.19000121
2.19000124
2.19000124
2.19000106
2.19000106
2.19000144
2.19000144
2.19000166
2.19000166
2.19000139
2.19000139
2.19000117
2.19000117
2.190001
2.190001
2.19000121
2.19000121
2.190001
2.190001
2.19000297
2.19000297
2.19000125
2.19000125
2.19000131
2.19000131
2.19000116
2.19000116
2.19000105
2.19000105
2.19000122
2.19000122
2.19000124
2.19000124
2.19000176
2.19000176
2.19000137
2.19000137
2.19000136
2.19000136
2.19000132
2.19000132
2.19000111
2.19000111
2.19000131
2.19000131
2.19000184
2.19000184
2.19000136
2.19000136
2.19000101
2.19000101
2.19000129
2.19000129
2.19000111
2.19000111
2.19000127
2.19000127
2.19000131
2.19000131
2.19000179
2.19000179
2.19000136
2.19000136
2.19000133
2.19000133
2.19000139
2.19000139
2.19000109
2.19000109
2.19000197
2.19000197
2.19000164
2.19000164
2.19000185
2.19000185
2.19000174
2.19000174
2.19000218
2.19000218
2.19000131
2.19000131
2.19000139
2.19000139
2.19000115
2.19000115
2.19000132
2.19000132
2.19000183
2.19000183
2.19000137
2.19000137
2.19000129
2.19000129
2.19000135
2.19000135
2.19000136
2.19000136
2.19000116
2.19000116
2.19000161
2.19000161
2.03333124
2.03333124
2.03333497
2.03333497
2.0333408
2.0333408
2.03333485
2.03333485
2.03333475
2.03333475
2.03333457
2.03333457
2.03333476
2.03333476
2.03333473
2.03333473
2.03333511
2.03333511
2.03333472
2.03333472
2.03333464
2.03333464
2.03333473
2.03333473
2.03333528
2.03333528
2.03333478
2.03333478
2.03333455
2.03333455
2.03334302
2.03334302
2.03333488
2.03333488
2.03333455
2.03333455
2.03333536
2.03333536
2.03333512
2.03333512
2.03333484
2.03333484
2.03333459
2.03333459
2.03333473
2.03333473
2.03333504
2.03333504
2.0333348
2.0333348
2.03333507
2.03333507
2.0333351
2.0333351
2.03333485
2.03333485
2.03333484
2.03333484
2.03333464
2.03333464
2.03333487
2.03333487
2.03333458
2.03333458
2.03334159
2.03334159
2.03333494
2.03333494
2.03333493
2.03333493
2.03333486
2.03333486
2.03333516
2.03333516
2.0333351
2.0333351
2.03333511
2.03333511
2.0333346
2.0333346
2.03333485
2.03333485
2.03333487
2.03333487
2.03333489
2.03333489
2.03333468
2.03333468
2.03333521
2.03333521
1.87365178
1.87365178
1.87333694
1.87333694
1.87333505
1.87333505
1.87333471
1.87333471
1.87333526
1.87333526
1.87333501
1.87333501
1.87333557
1.87333557
1.87333529
1.87333529
1.87333532
1.87333532
1.87333501
1.87333501
1.87333501
1.87333501
1.8733347
1.8733347
1.87333532
1.87333532
1.87333708
1.87333708
1.87333478
1.87333478
1.87333506
1.87333506
1.873335
1.873335
1.87333495
1.87333495
1.87333491
1.87333491
1.8733366
1.8733366
1.87333503
1.87333503
1.87333507
1.87333507
1.87333508
1.87333508
1.8733348
1.8733348
1.87333508
1.87333508
1.87333618
1.87333618
1.87333508
1.87333508
1.8733348
1.8733348
1.8733351
1.8733351
1.87333511
1.87333511
1.87333479
1.87333479
1.87333504
1.87333504
1.87333696
1.87333696
1.87333465
1.87333465
1.87333462
1.87333462
1.87333422
1.87333422
1.873334
1.873334
1.87333387
1.87333387
1.87333222
1.87333222
1.873333
1.873333
1.87333267
1.87333267
1.87333242
1.87333242
1.87333258
1.87333258
1.87333248
1.87333248
1.87333244
1.87333244
1.87333234
1.87333234
1.87333208
1.87333208
1.87333212
1.87333212
1.87333215
1.87333215
1.8733315
1.8733315
1.8733319
1.8733319
1.87333211
1.87333211
1.75302103
1.75302103
1.75333005
1.75333005
1.75333156
1.75333156
1.75333028
1.75333028
1.75333141
1.75333141
1.75333139
1.75333139
1.75333134
1.75333134
1.75333127
1.75333127
1.75333159
1.75333159
1.75332571
1.75332571
1.75333102
1.75333102
1.75333095
1.75333095
1.75333135
1.75333135
1.75333094
1.75333094
1.75333096
1.75333096
1.7533313
1.7533313
1.75332322
1.75332322
1.75333084
1.75333084
1.75333078
1.75333078
1.75332988
1.75332988
1.75333039
1.75333039
1.75333018
1.75333018
1.75333111
1.75333111
1.75333072
1.75333072
1.75333069
1.75333069
1.75333107
1.75333107
1.7533297
1.7533297
1.75333059
1.75333059
1.75333057
1.75333057
1.75333056
1.75333056
1.75333056
1.75333056
1.75333105
1.75333105
1.75333062
1.75333062
1.75332921
1.75332921
1.75333061
1.75333061
1.7533306
1.7533306
1.75333053
1.75333053
1.75333056
1.75333056
1.75333055
1.75333055
1.7533268
1.7533268
1.75333099
1.75333099
1.75333055
1.75333055
1.75333054
1.75333054
1.75333102
1.75333102
1.75332966
1.75332966
1.75333057
1.75333057
1.75333056
1.75333056
1.7533306
1.7533306
1.75333059
1.75333059
1.75333103
1.75333103
1.75333059
1.75333059
1.75333015
1.75333015
1.75332831
1.75332831
1.75333056
1.75333056
1.75333056
1.75333056
1.75333055
1.75333055
1.72011
1.72011
1.71999677
1.71999677
1.71999661
1.71999661
1.7199971
1.7199971
1.7199976
1.7199976
1.71999718
1.71999718
1.71999719
1.71999719
1.71999762
1.71999762
1.71999673
1.71999673
1.71996595
1.71996595
1.71999683
1.71999683
1.71999749
1.71999749
1.71999704
1.71999704
1.71999645
1.71999645
1.71999751
1.71999751
1.71999705
1.71999705
1.71999604
1.71999604
1.71999652
1.71999652
1.71999697
1.71999697
1.71999696
1.71999696
1.71999684
1.71999684
1.71999683
1.71999683
1.71998789
1.71998789
1.71999676
1.71999676
1.71999684
1.71999684
1.71999739
1.71999739
1.71999693
1.71999693
1.71999611
1.71999611
1.71999722
1.71999722
1.71999736
1.71999736
1.71999672
1.71999672
1.71999634
1.71999634
1.71999739
1.71999739
1.71999793
1.71999793
1.71999864
1.71999864
1.71999855
1.71999855
1.71999874
1.71999874
1.71999911
1.71999911
1.71999902
1.71999902
1.71999922
1.71999922
1.71999942
1.71999942
1.71999955
1.71999955
1.71999964
1.71999964
1.71999984
1.71999984
1.71999996
1.71999996
1.7200031
1.7200031
1.72000159
1.72000159
1.72000102
1.72000102
1.72000096
1.72000096
1.7200013
1.7200013
1.72000142
1.72000142
1.72000129
1.72000129
1.69375464
1.69375464
1.69333818
1.69333818
1.69333672
1.69333672
1.69333626
1.69333626
1.69333624
1.69333624
1.69333624
1.69333624
1.69333567
1.69333567
1.6933452
1.6933452
1.69333594
1.69333594
1.69333592
1.69333592
1.6933355
1.6933355
1.69333595
1.69333595
1.69333598
1.69333598
1.6933369
1.6933369
1.69333603
1.69333603
1.69333694
1.69333694
1.69333604
1.69333604
1.69333602
1.69333602
1.6933369
1.6933369
1.69333599
1.69333599
1.69333598
1.69333598
1.69333598
1.69333598
1.69333556
1.69333556
1.69333601
1.69333601
1.69333603
