-1.60020826058
-1.60020826058
-1.60020826058
-1.60020826058
-1.60020826058
-1.60020826058
-1.60020826058
-1.60020826058
-1.60020826058
-1.60020826058
-1.60020826058
-1.62956939594
-1.60020826058
-1.62956939594
-1.60020826058
-1.62956939594
-1.60020826058
-1.57079632679
-1.57079632679
-1.57079632679
-1.57079632679
-1.57079632679
-1.57079632679
-1.57079632679
-1.57079632679
-1.53954673422
-1.53954673422
-1.53954673422
-1.53954673422
-1.53954673422
-1.53954673422
-1.53954673422
-1.53954673422
-1.53954673422
-1.50835805549
-1.50835805549
-1.47729049501
-1.47729049501
-1.44640285887
-1.44640285887
-1.44640285887
-1.44640285887
-1.44640285887
-1.44640285887
-1.30442884419
1.21318835276
1.21318835276
1.21318835276
1.21318835276
