0.386666666667
0.386666666667
0.386666666667
0.386666666667
0.386666666667
0.386666666667
0.386666666667
0.386666666667
0.386666666667
0.386666666667
0.386666666667
0.386666666667
0.386666666667
0.386666666667
0.386666666667
0.386666666667
0.576666666667
0.76
0.76
0.76
0.76
0.76
0.76
0.76
1.04666666667
1.24
1.34666666667
1.34666666667
1.34666666667
1.34666666667
1.34666666667
1.34666666667
1.34666666667
1.4
1.58666666667
1.77333333333
1.95333333333
2.13333333333
2.32
2.32
2.32
2.32
2.32
2.32
2.58
1.27333333333
1.27333333333
1.27333333333
1.27333333333
