-0.0057654
-0.0057654
-1.5925341
-1.5925341
-1.6001133
-1.6001133
-1.6003659
-1.6003659
-1.6002703
-1.6002703
-1.6002417
-1.6002417
-1.6002277
-1.6002277
-1.6002264
-1.6002264
-1.6294479
-1.6294479
-1.6003486
-1.6003486
-1.6294433
-1.6294433
-1.6003442
-1.6003442
-1.6294396
-1.6294396
-1.6295706
-1.6295706
-1.6295708
-1.6295708
-1.629571
-1.629571
-1.6295708
-1.6295708
-1.6295705
-1.6295705
-1.6295712
-1.6295712
-1.6295712
-1.6295712
-1.6295705
-1.6295705
-1.6295705
-1.6295705
-1.6295704
-1.6295704
-1.6295702
-1.6295702
-1.6003439
-1.6003439
-1.6002097
-1.6002097
-1.6002089
-1.6002089
-1.6002089
-1.6002089
-1.6002088
-1.6002088
-1.6002088
-1.6002088
-1.6002087
-1.6002087
-1.600209
-1.600209
-1.6002116
-1.6002116
-1.5709318
-1.5709318
-1.5707973
-1.5707973
-1.5707966
-1.5707966
-1.5707966
-1.5707966
-1.5707966
-1.5707966
-1.5707967
-1.5707967
-1.5707967
-1.5707967
-1.5707968
-1.5707968
-1.5707967
-1.5707967
-1.5707967
-1.5707967
-1.5707967
-1.5707967
-1.5707966
-1.5707966
-1.5707968
-1.5707968
-1.5707967
-1.5707967
-1.5707967
-1.5707967
-1.5707967
-1.5707967
-1.5707968
-1.5707968
-1.5707967
-1.5707967
-1.5707967
-1.5707967
-1.5707966
-1.5707966
-1.5707965
-1.5707965
-1.5707966
-1.5707966
-1.5707967
-1.5707967
-1.5707967
-1.5707967
-1.5707966
-1.5707966
-1.5707967
-1.5707967
-1.5708003
-1.5708003
-1.5707967
-1.5707967
-1.5707965
-1.5707965
-1.5707969
-1.5707969
-1.5707966
-1.5707966
-1.5707967
-1.5707967
-1.5707967
-1.5707967
-1.5707969
-1.5707969
-1.5707966
-1.5707966
-1.5707968
-1.5707968
-1.5707968
-1.5707968
-1.5707967
-1.5707967
-1.5707967
-1.5707967
-1.5707966
-1.5707966
-1.5707968
-1.5707968
-1.5707968
-1.5707968
-1.5707968
-1.5707968
-1.5707966
-1.5707966
-1.5707966
-1.5707966
-1.5707967
-1.5707967
-1.5707966
-1.5707966
-1.5707967
-1.5707967
-1.5707967
-1.5707967
-1.5707967
-1.5707967
-1.5707966
-1.5707966
-1.5707968
-1.5707968
-1.5707967
-1.5707967
-1.5707968
-1.5707968
-1.5707969
-1.5707969
-1.5707967
-1.5707967
-1.5707966
-1.5707966
-1.5707967
-1.5707967
-1.5707968
-1.5707968
-1.5707966
-1.5707966
-1.5707966
-1.5707966
-1.5707967
-1.5707967
-1.5707966
-1.5707966
-1.5707967
-1.5707967
-1.5707965
-1.5707965
-1.5707968
-1.5707968
-1.5707966
-1.5707966
-1.5707968
-1.5707968
-1.5707969
-1.5707969
-1.5707967
-1.5707967
-1.5707966
-1.5707966
-1.5707966
-1.5707966
-1.5707966
-1.5707966
-1.5707967
-1.5707967
-1.5707966
-1.5707966
-1.5707966
-1.5707966
-1.5707967
-1.5707967
-1.5707968
-1.5707968
-1.5707969
-1.5707969
-1.5707967
-1.5707967
-1.5707967
-1.5707967
-1.5707966
-1.5707966
-1.5707966
-1.5707966
-1.5707966
-1.5707966
-1.5707968
-1.5707968
-1.5707966
-1.5707966
-1.5707966
-1.5707966
-1.5707967
-1.5707967
-1.5707967
-1.5707967
-1.5707966
-1.5707966
-1.5707967
-1.5707967
-1.5707965
-1.5707965
-1.5707966
-1.5707966
-1.5707966
-1.5707966
-1.5707966
-1.5707966
-1.5707967
-1.5707967
-1.5707967
-1.5707967
-1.5707967
-1.5707967
-1.5707967
-1.5707967
-1.5707965
-1.5707965
-1.5707966
-1.5707966
-1.5707967
-1.5707967
-1.5707965
-1.5707965
-1.5707967
-1.5707967
-1.5707966
-1.5707966
-1.5707967
-1.5707967
-1.5707966
-1.5707966
-1.5707968
-1.5707968
-1.5707967
-1.5707967
-1.5707969
-1.5707969
-1.5707966
-1.5707966
-1.5707967
-1.5707967
-1.5707967
-1.5707967
-1.5707968
-1.5707968
-1.5707967
-1.5707967
-1.5707966
-1.5707966
-1.5707966
-1.5707966
-1.5707966
-1.5707966
-1.5707965
-1.5707965
-1.5707966
-1.5707966
-1.5707967
-1.5707967
-1.5707967
-1.5707967
-1.5707968
-1.5707968
-1.5707966
-1.5707966
-1.5707966
-1.5707966
-1.5707967
-1.5707967
-1.5707974
-1.5707974
-1.5707966
-1.5707966
-1.5707967
-1.5707967
-1.5707966
-1.5707966
-1.5707968
-1.5707968
-1.5707967
-1.5707967
-1.5707966
-1.5707966
-1.5707966
-1.5707966
-1.5707968
-1.5707968
-1.5707969
-1.5707969
-1.5707967
-1.5707967
-1.5707967
-1.5707967
-1.5707967
-1.5707967
-1.5707966
-1.5707966
-1.5707967
-1.5707967
-1.5707966
-1.5707966
-1.5707967
-1.5707967
-1.5707968
-1.5707968
-1.5707966
-1.5707966
-1.5707967
-1.5707967
-1.5707965
-1.5707965
-1.5707966
-1.5707966
-1.5707966
-1.5707966
-1.5707967
-1.5707967
-1.5707968
-1.5707968
-1.5707967
-1.5707967
-1.5707968
-1.5707968
-1.5707965
-1.5707965
-1.5707967
-1.5707967
-1.5707967
-1.5707967
-1.5707965
-1.5707965
-1.5707966
-1.5707966
-1.5707966
-1.5707966
-1.5707967
-1.5707967
-1.5707967
-1.5707967
-1.5707966
-1.5707966
-1.5707966
-1.5707966
-1.5707966
-1.5707966
-1.5707966
-1.5707966
-1.5707973
-1.5707973
-1.5707968
-1.5707968
-1.5707968
-1.5707968
-1.5707967
-1.5707967
-1.5707968
-1.5707968
-1.5707968
-1.5707968
-1.5707967
-1.5707967
-1.5707966
-1.5707966
-1.5707968
-1.5707968
-1.5707967
-1.5707967
-1.5707968
-1.5707968
-1.5707966
-1.5707966
-1.5707966
-1.5707966
-1.5707966
-1.5707966
-1.5707968
-1.5707968
-1.5707966
-1.5707966
-1.5707967
-1.5707967
-1.5707968
-1.5707968
-1.5707967
-1.5707967
-1.5707968
-1.5707968
-1.5707966
-1.5707966
-1.5707967
-1.5707967
-1.5707966
-1.5707966
-1.5707968
-1.5707968
-1.5707967
-1.5707967
-1.5707966
-1.5707966
-1.5707967
-1.5707967
-1.5707967
-1.5707967
-1.5707967
-1.5707967
-1.5707967
-1.5707967
-1.5707965
-1.5707965
-1.5707968
-1.5707968
-1.5707966
-1.5707966
-1.5707967
-1.5707967
-1.5707966
-1.5707966
-1.570797
-1.570797
-1.5707966
-1.5707966
-1.5707966
-1.5707966
-1.5707966
-1.5707966
-1.5707967
-1.5707967
-1.5707966
-1.5707966
-1.5707966
-1.5707966
-1.5707967
-1.5707967
-1.5707967
-1.5707967
-1.5707968
-1.5707968
-1.5707967
-1.5707967
-1.5707965
-1.5707965
-1.5707966
-1.5707966
-1.5707966
-1.5707966
-1.5707968
-1.5707968
-1.5707967
-1.5707967
-1.5707966
-1.5707966
-1.5707967
-1.5707967
-1.5707967
-1.5707967
-1.5707968
-1.5707968
-1.5707967
-1.5707967
-1.5707968
-1.5707968
-1.5707966
-1.5707966
-1.5707968
-1.5707968
-1.5707966
-1.5707966
-1.5707966
-1.5707966
-1.5707969
-1.5707969
-1.5707968
-1.5707968
-1.5707967
-1.5707967
-1.5707967
-1.5707967
-1.5707967
-1.5707967
-1.5707967
-1.5707967
-1.5707966
-1.5707966
-1.5707967
-1.5707967
-1.5707967
-1.5707967
-1.5707967
-1.5707967
-1.5707968
-1.5707968
-1.5707967
-1.5707967
-1.5707966
-1.5707966
-1.5707967
-1.5707967
-1.5707967
-1.5707967
-1.5707967
-1.5707967
-1.5707969
-1.5707969
-1.5707968
-1.5707968
-1.5707965
-1.5707965
-1.5707967
-1.5707967
-1.5707966
-1.5707966
-1.5707968
-1.5707968
-1.5707967
-1.5707967
-1.5707967
-1.5707967
-1.5707967
-1.5707967
-1.5707967
-1.5707967
-1.5707967
-1.5707967
-1.5707965
-1.5707965
-1.5707967
-1.5707967
-1.5707968
-1.5707968
-1.5707968
-1.5707968
-1.5707968
-1.5707968
-1.5707967
-1.5707967
-1.5707967
-1.5707967
-1.5707965
-1.5707965
-1.5707967
-1.5707967
-1.5707966
-1.5707966
-1.5707966
-1.5707966
-1.5707967
-1.5707967
-1.5707966
-1.5707966
-1.5707966
-1.5707966
-1.5707965
-1.5707965
-1.5707966
-1.5707966
-1.5707966
-1.5707966
-1.5707965
-1.5707965
-1.5707967
-1.5707967
-1.5707968
-1.5707968
-1.5707968
-1.5707968
-1.5707967
-1.5707967
-1.5707966
-1.5707966
-1.5707967
-1.5707967
-1.5707965
-1.5707965
-1.5707966
-1.5707966
-1.5707967
-1.5707967
-1.5707967
-1.5707967
-1.5707966
-1.5707966
-1.5707967
-1.5707967
-1.5707967
-1.5707967
-1.5707966
-1.5707966
-1.5707966
-1.5707966
-1.5707966
-1.5707966
-1.5707966
-1.5707966
-1.5707966
-1.5707966
-1.5707968
-1.5707968
-1.5707968
-1.5707968
-1.5707966
-1.5707966
-1.5707968
-1.5707968
-1.5707966
-1.5707966
-1.5707967
-1.5707967
-1.5707966
-1.5707966
-1.5707965
-1.5707965
-1.5707966
-1.5707966
-1.5707967
-1.5707967
-1.5707966
-1.5707966
-1.5707967
-1.5707967
-1.5707966
-1.5707966
-1.5707965
-1.5707965
-1.5707966
-1.5707966
-1.5707979
-1.5707979
-1.5707966
-1.5707966
-1.5707968
-1.5707968
-1.5707968
-1.5707968
-1.5707967
-1.5707967
-1.5707967
-1.5707967
-1.5707967
-1.5707967
-1.5707966
-1.5707966
-1.5707967
-1.5707967
-1.5707968
-1.5707968
-1.5707966
-1.5707966
-1.5707967
-1.5707967
-1.5707969
-1.5707969
-1.5707966
-1.5707966
-1.5707966
-1.5707966
-1.5707966
-1.5707966
-1.5707965
-1.5707965
-1.5707966
-1.5707966
-1.5707966
-1.5707966
-1.5707967
-1.5707967
-1.5707967
-1.5707967
-1.5707967
-1.5707967
-1.5707967
-1.5707967
-1.5707966
-1.5707966
-1.5707966
-1.5707966
-1.5707966
-1.5707966
-1.5707966
-1.5707966
-1.5707967
-1.5707967
-1.5707967
-1.5707967
-1.5707966
-1.5707966
-1.5707966
-1.5707966
-1.5707966
-1.5707966
-1.5707965
-1.5707965
-1.5707972
-1.5707972
-1.5707968
-1.5707968
-1.5707967
-1.5707967
-1.5707966
-1.5707966
-1.5707966
-1.5707966
-1.5707966
-1.5707966
-1.5707969
-1.5707969
-1.5707967
-1.5707967
-1.5707968
-1.5707968
-1.5707968
-1.5707968
-1.5707967
-1.5707967
-1.5707967
-1.5707967
-1.5707967
-1.5707967
-1.5707967
-1.5707967
-1.5707967
-1.5707967
-1.5707967
-1.5707967
-1.5707967
-1.5707967
-1.5707967
-1.5707967
-1.5707966
-1.5707966
-1.5707968
-1.5707968
-1.5707966
-1.5707966
-1.5707969
-1.5707969
-1.5707967
-1.5707967
-1.5707967
-1.5707967
-1.5707966
-1.5707966
-1.5707968
-1.5707968
-1.5707967
-1.5707967
-1.5707968
-1.5707968
-1.5707966
-1.5707966
-1.5707968
-1.5707968
-1.5707966
-1.5707966
-1.5707966
-1.5707966
-1.5707967
-1.5707967
-1.5707967
-1.5707967
-1.5707968
-1.5707968
-1.5707967
-1.5707967
-1.5707967
-1.5707967
-1.5707966
-1.5707966
-1.5707968
-1.5707968
-1.5707967
-1.5707967
-1.5707966
-1.5707966
-1.5707967
-1.5707967
-1.5707968
-1.5707968
-1.5707965
-1.5707965
-1.5707971
-1.5707971
-1.5707957
-1.5707957
-1.5707944
-1.5707944
-1.5707947
-1.5707947
-1.5707934
-1.5707934
-1.5707942
-1.5707942
-1.5707921
-1.5707921
-1.5707943
-1.5707943
-1.5707939
-1.5707939
-1.5707943
-1.5707943
-1.5707942
-1.5707942
-1.5707951
-1.5707951
-1.5707949
-1.5707949
-1.5707962
-1.5707962
-1.5707962
-1.5707962
-1.5707954
-1.5707954
-1.5707953
-1.5707953
-1.5707939
-1.5707939
-1.5707953
-1.5707953
-1.570795
-1.570795
-1.5707948
-1.5707948
-1.5707958
-1.5707958
-1.5707952
-1.5707952
-1.5707953
-1.5707953
-1.5707956
-1.5707956
-1.5707958
-1.5707958
-1.5707963
-1.5707963
-1.5707965
-1.5707965
-1.5707966
-1.5707966
-1.570796
-1.570796
-1.5707968
-1.5707968
-1.5707975
-1.5707975
-1.5707967
-1.5707967
-1.5707946
-1.5707946
-1.5707965
-1.5707965
-1.5707955
-1.5707955
-1.5707964
-1.5707964
-1.5707961
-1.5707961
-1.5707953
-1.5707953
-1.5707961
-1.5707961
-1.570796
-1.570796
-1.5707968
-1.5707968
-1.5707957
-1.5707957
-1.5707961
-1.5707961
-1.5707949
-1.5707949
-1.5707971
-1.5707971
-1.5707944
-1.5707944
-1.5707959
-1.5707959
-1.5707935
-1.5707935
-1.5707962
-1.5707962
-1.5707938
-1.5707938
-1.5707968
-1.5707968
-1.5707953
-1.5707953
-1.5707968
-1.5707968
-1.5707953
-1.5707953
-1.570795
-1.570795
-1.570796
-1.570796
-1.5707946
-1.5707946
-1.570795
-1.570795
-1.5707946
-1.5707946
-1.5707964
-1.5707964
-1.5707952
-1.5707952
-1.5707961
-1.5707961
-1.5707976
-1.5707976
-1.5707953
-1.5707953
-1.5707969
-1.5707969
-1.5707961
-1.5707961
-1.5707967
-1.5707967
-1.5707956
-1.5707956
-1.5707953
-1.5707953
-1.5707957
-1.5707957
-1.5707954
-1.5707954
-1.5707969
-1.5707969
-1.5707959
-1.5707959
-1.5707966
-1.5707966
-1.5707947
-1.5707947
-1.5707933
-1.5707933
-1.570794
-1.570794
-1.5707941
-1.5707941
-1.5707956
-1.5707956
-1.5707958
-1.5707958
-1.5707952
-1.5707952
-1.5707971
-1.5707971
-1.5707955
-1.5707955
-1.5707949
-1.5707949
-1.5707944
-1.5707944
-1.5707956
-1.5707956
-1.5707947
-1.5707947
-1.5707964
-1.5707964
-1.5707963
-1.5707963
-1.5707961
-1.5707961
-1.5707805
-1.5707805
-1.5707958
-1.5707958
-1.5707955
-1.5707955
-1.5707954
-1.5707954
-1.5707977
-1.5707977
-1.5707951
-1.5707951
-1.5707967
-1.5707967
-1.5707959
-1.5707959
-1.5707948
-1.5707948
-1.5707973
-1.5707973
-1.5707963
-1.5707963
-1.570797
-1.570797
-1.5707969
-1.5707969
-1.5707961
-1.5707961
-1.5707967
-1.5707967
-1.5707957
-1.5707957
-1.5707965
-1.5707965
-1.5707979
-1.5707979
-1.5707953
-1.5707953
-1.5707958
-1.5707958
-1.5707962
-1.5707962
-1.5707954
-1.5707954
-1.5707968
-1.5707968
-1.5707943
-1.5707943
-1.570796
-1.570796
-1.5707961
-1.5707961
-1.5707963
-1.5707963
-1.570797
-1.570797
-1.5707962
-1.5707962
-1.5707962
-1.5707962
-1.5707972
-1.5707972
-1.5707948
-1.5707948
-1.5707891
-1.5707891
-1.5707939
-1.5707939
-1.5707955
-1.5707955
-1.5707944
-1.5707944
-1.5707933
-1.5707933
-1.5707966
-1.5707966
-1.5707959
-1.5707959
-1.5707963
-1.5707963
-1.5707972
-1.5707972
-1.5707957
-1.5707957
-1.5707967
-1.5707967
-1.5707952
-1.5707952
-1.5707984
-1.5707984
-1.5707951
-1.5707951
-1.5707966
-1.5707966
-1.5707993
-1.5707993
-1.5707955
-1.5707955
-1.5707959
-1.5707959
-1.5707947
-1.5707947
-1.5707954
-1.5707954
-1.570795
-1.570795
-1.5707951
-1.5707951
-1.5707963
-1.5707963
-1.5707934
-1.5707934
-1.5707961
-1.5707961
-1.5707954
-1.5707954
-1.5707952
-1.5707952
-1.5707933
-1.5707933
-1.5707961
-1.5707961
-1.5707964
-1.5707964
-1.5707974
-1.5707974
-1.5707939
-1.5707939
-1.5707952
-1.5707952
-1.5707955
-1.5707955
-1.5707955
-1.5707955
-1.5707954
-1.5707954
-1.570794
-1.570794
-1.5707957
-1.5707957
-1.5707954
-1.5707954
-1.5707965
-1.5707965
-1.5707957
-1.5707957
-1.5707962
-1.5707962
-1.5707962
-1.5707962
-1.5707965
-1.5707965
-1.5707966
-1.5707966
-1.5707954
-1.5707954
-1.5707955
-1.5707955
-1.5707964
-1.5707964
-1.5707959
-1.5707959
-1.5707968
-1.5707968
-1.5707957
-1.5707957
-1.5707962
-1.5707962
-1.5707958
-1.5707958
-1.5707966
-1.5707966
-1.5707965
-1.5707965
-1.5707967
-1.5707967
-1.5707962
-1.5707962
-1.5707959
-1.5707959
-1.570796
-1.570796
-1.5707944
-1.5707944
-1.5707956
-1.5707956
-1.5707959
-1.5707959
-1.5707963
-1.5707963
-1.5707959
-1.5707959
-1.570797
-1.570797
-1.5707965
-1.5707965
-1.5707966
-1.5707966
-1.5707952
-1.5707952
-1.5397027
-1.5397027
-1.5395485
-1.5395485
-1.5395476
-1.5395476
-1.5395471
-1.5395471
-1.5395465
-1.5395465
-1.5395462
-1.5395462
-1.5395458
-1.5395458
-1.5395458
-1.5395458
-1.5395464
-1.5395464
-1.5395468
-1.5395468
-1.5395464
-1.5395464
-1.5395471
-1.5395471
-1.5395471
-1.5395471
-1.5395463
-1.5395463
-1.539546
-1.539546
-1.5395457
-1.5395457
-1.5395471
-1.5395471
-1.5395487
-1.5395487
-1.539549
-1.539549
-1.5395482
-1.5395482
-1.5395469
-1.5395469
-1.5395465
-1.5395465
-1.5395464
-1.5395464
-1.5395466
-1.5395466
-1.5395472
-1.5395472
-1.5395473
-1.5395473
-1.5395474
-1.5395474
-1.5395472
-1.5395472
-1.5395473
-1.5395473
-1.5395473
-1.5395473
-1.5395473
-1.5395473
-1.5395474
-1.5395474
-1.5395471
-1.5395471
-1.539547
-1.539547
-1.539547
-1.539547
-1.539547
-1.539547
-1.5395471
-1.5395471
-1.5395472
-1.5395472
-1.5395475
-1.5395475
-1.5395472
-1.5395472
-1.5395471
-1.5395471
-1.5395469
-1.5395469
-1.5395469
-1.5395469
-1.5395469
-1.5395469
-1.539547
-1.539547
-1.5395473
-1.5395473
-1.5395475
-1.5395475
-1.5395471
-1.5395471
-1.5395472
-1.5395472
-1.5395472
-1.5395472
-1.5395473
-1.5395473
-1.539547
-1.539547
-1.539547
-1.539547
-1.5395472
-1.5395472
-1.5395498
-1.5395498
-1.5395471
-1.5395471
-1.5395471
-1.5395471
-1.5395471
-1.5395471
-1.539547
-1.539547
-1.5395471
-1.5395471
-1.539547
-1.539547
-1.539547
-1.539547
-1.539547
-1.539547
-1.539547
-1.539547
-1.539547
-1.539547
-1.5395469
-1.5395469
-1.5395479
-1.5395479
-1.5395472
-1.5395472
-1.5395471
-1.5395471
-1.5395471
-1.5395471
-1.5395471
-1.5395471
-1.5395471
-1.5395471
-1.5395472
-1.5395472
-1.539547
-1.539547
-1.539547
-1.539547
-1.539547
-1.539547
-1.539547
-1.539547
-1.539547
-1.539547
-1.5395469
-1.5395469
-1.5395471
-1.5395471
-1.539547
-1.539547
-1.539547
-1.539547
-1.5395497
-1.5395497
-1.539547
-1.539547
-1.5395472
-1.5395472
-1.5395469
-1.5395469
-1.539547
-1.539547
-1.539547
-1.539547
-1.539547
-1.539547
-1.539547
-1.539547
-1.5395472
-1.5395472
-1.539547
-1.539547
-1.539547
-1.539547
-1.539547
-1.539547
-1.539547
-1.539547
-1.539547
-1.539547
-1.539547
-1.539547
-1.5395471
-1.5395471
-1.5395472
-1.5395472
-1.5395472
-1.5395472
-1.5395471
-1.5395471
-1.5395471
-1.5395471
-1.5395471
-1.5395471
-1.539547
-1.539547
-1.539547
-1.539547
-1.5395471
-1.5395471
-1.5395472
-1.5395472
-1.5395472
-1.5395472
-1.5395472
-1.5395472
-1.5395471
-1.5395471
-1.5395471
-1.5395471
-1.539547
-1.539547
-1.5395471
-1.5395471
-1.5395472
-1.5395472
-1.5395471
-1.5395471
-1.5395472
-1.5395472
-1.5395471
-1.5395471
-1.5395472
-1.5395472
-1.5395472
-1.5395472
-1.5395469
-1.5395469
-1.5395471
-1.5395471
-1.5395473
-1.5395473
-1.539547
-1.539547
-1.539547
-1.539547
-1.5395472
-1.5395472
-1.5395471
-1.5395471
-1.5395471
-1.5395471
-1.539547
-1.539547
-1.539547
-1.539547
-1.539547
-1.539547
-1.5395471
-1.5395471
-1.539547
-1.539547
-1.5395471
-1.5395471
-1.5395469
-1.5395469
-1.5395473
-1.5395473
-1.5395471
-1.5395471
-1.5395473
-1.5395473
-1.539547
-1.539547
-1.539547
-1.539547
-1.5395471
-1.5395471
-1.5395472
-1.5395472
-1.5395471
-1.5395471
-1.539547
-1.539547
-1.5395471
-1.5395471
-1.5395472
-1.5395472
-1.5395473
-1.5395473
-1.5395471
-1.5395471
-1.5395472
-1.5395472
-1.5395471
-1.5395471
-1.5395471
-1.5395471
-1.5395471
-1.5395471
-1.5395471
-1.5395471
-1.5395473
-1.5395473
-1.5395472
-1.5395472
-1.5395471
-1.5395471
-1.5395472
-1.5395472
-1.5395472
-1.5395472
-1.5395471
-1.5395471
-1.539547
-1.539547
-1.5395472
-1.5395472
-1.5395471
-1.5395471
-1.5395471
-1.5395471
-1.5395471
-1.5395471
-1.5395471
-1.5395471
-1.5395469
-1.5395469
-1.5395471
-1.5395471
-1.5395472
-1.5395472
-1.5395472
-1.5395472
-1.5395473
-1.5395473
-1.5395471
-1.5395471
-1.539547
-1.539547
-1.5395471
-1.5395471
-1.5395472
-1.5395472
-1.5395472
-1.5395472
-1.539547
-1.539547
-1.5395469
-1.5395469
-1.5395471
-1.5395471
-1.5395471
-1.5395471
-1.539547
-1.539547
-1.5395471
-1.5395471
-1.5395471
-1.5395471
-1.539547
-1.539547
-1.5395473
-1.5395473
-1.5395471
-1.5395471
-1.5395471
-1.5395471
-1.539547
-1.539547
-1.539547
-1.539547
-1.5395472
-1.5395472
-1.539547
-1.539547
-1.5395471
-1.5395471
-1.5395472
-1.5395472
-1.5395471
-1.5395471
-1.539547
-1.539547
-1.539547
-1.539547
-1.5395472
-1.5395472
-1.5395472
-1.5395472
-1.5395471
-1.5395471
-1.539547
-1.539547
-1.539547
-1.539547
-1.539547
-1.539547
-1.5395473
-1.5395473
-1.539547
-1.539547
-1.539547
-1.539547
-1.539547
-1.539547
-1.5395471
-1.5395471
-1.539547
-1.539547
-1.539547
-1.539547
-1.539547
-1.539547
-1.5395471
-1.5395471
-1.539547
-1.539547
-1.539547
-1.539547
-1.5395471
-1.5395471
-1.539547
-1.539547
-1.5395473
-1.5395473
-1.5395471
-1.5395471
-1.5395473
-1.5395473
-1.5395473
-1.5395473
-1.5395473
-1.5395473
-1.5395471
-1.5395471
-1.539547
-1.539547
-1.5395469
-1.5395469
-1.5395472
-1.5395472
-1.5395474
-1.5395474
-1.5395472
-1.5395472
-1.5395471
-1.5395471
-1.5395472
-1.5395472
-1.539547
-1.539547
-1.539547
-1.539547
-1.5395472
-1.5395472
-1.5395472
-1.5395472
-1.5395471
-1.5395471
-1.5395472
-1.5395472
-1.5395472
-1.5395472
-1.5395471
-1.5395471
-1.539547
-1.539547
-1.539547
-1.539547
-1.5395471
-1.5395471
-1.5395472
-1.5395472
-1.5395471
-1.5395471
-1.5395472
-1.5395472
-1.5395471
-1.5395471
-1.5395472
-1.5395472
-1.5395472
-1.5395472
-1.5395472
-1.5395472
-1.5395471
-1.5395471
-1.5395472
-1.5395472
-1.5395471
-1.5395471
-1.5395473
-1.5395473
-1.5395472
-1.5395472
-1.5395472
-1.5395472
-1.5395472
-1.5395472
-1.5395471
-1.5395471
-1.5395472
-1.5395472
-1.5395472
-1.5395472
-1.5395473
-1.5395473
-1.539547
-1.539547
-1.539547
-1.539547
-1.539547
-1.539547
-1.539547
-1.539547
-1.539547
-1.539547
-1.5395471
-1.5395471
-1.5395471
-1.5395471
-1.539547
-1.539547
-1.539547
-1.539547
-1.539547
-1.539547
-1.5395471
-1.5395471
-1.5395476
-1.5395476
-1.5395471
-1.5395471
-1.5395471
-1.5395471
-1.5395471
-1.5395471
-1.539547
-1.539547
-1.5395471
-1.5395471
-1.5395473
-1.5395473
-1.5395471
-1.5395471
-1.539547
-1.539547
-1.5395471
-1.5395471
-1.5395471
-1.5395471
-1.5395472
-1.5395472
-1.5395471
-1.5395471
-1.5395471
-1.5395471
-1.5395471
-1.5395471
-1.5395472
-1.5395472
-1.5395471
-1.5395471
-1.5395471
-1.5395471
-1.5395471
-1.5395471
-1.5395471
-1.5395471
-1.5395471
-1.5395471
-1.5395471
-1.5395471
-1.5395471
-1.5395471
-1.5395472
-1.5395472
-1.5395469
-1.5395469
-1.539547
-1.539547
-1.539547
-1.539547
-1.5395473
-1.5395473
-1.539547
-1.539547
-1.5395471
-1.5395471
-1.539547
-1.539547
-1.5395472
-1.5395472
-1.5395469
-1.5395469
-1.5395472
-1.5395472
-1.539547
-1.539547
-1.5395472
-1.5395472
-1.5395471
-1.5395471
-1.539547
-1.539547
-1.539547
-1.539547
-1.539547
-1.539547
-1.5395471
-1.5395471
-1.539547
-1.539547
-1.5395472
-1.5395472
-1.5395469
-1.5395469
-1.539547
-1.539547
-1.5395471
-1.5395471
-1.5395478
-1.5395478
-1.539547
-1.539547
-1.5395492
-1.5395492
-1.5395473
-1.5395473
-1.5395471
-1.5395471
-1.539547
-1.539547
-1.5395471
-1.5395471
-1.539547
-1.539547
-1.5395471
-1.5395471
-1.539547
-1.539547
-1.5395471
-1.5395471
-1.539547
-1.539547
-1.5395469
-1.5395469
-1.539547
-1.539547
-1.539547
-1.539547
-1.5395471
-1.5395471
-1.5395473
-1.5395473
-1.5395472
-1.5395472
-1.5395471
-1.5395471
-1.539547
-1.539547
-1.5395471
-1.5395471
-1.5395471
-1.5395471
-1.5395472
-1.5395472
-1.539547
-1.539547
-1.5395472
-1.5395472
-1.5395472
-1.5395472
-1.539547
-1.539547
-1.5395471
-1.5395471
-1.5395471
-1.5395471
-1.5395471
-1.5395471
-1.5395471
-1.5395471
-1.5395471
-1.5395471
-1.539547
-1.539547
-1.5395471
-1.5395471
-1.539547
-1.539547
-1.5395471
-1.5395471
-1.5395471
-1.5395471
-1.5395471
-1.5395471
-1.539547
-1.539547
-1.539547
-1.539547
-1.5395471
-1.5395471
-1.5395469
-1.5395469
-1.5395472
-1.5395472
-1.539547
-1.539547
-1.539547
-1.539547
-1.5395471
-1.5395471
-1.539547
-1.539547
-1.5395471
-1.5395471
-1.539547
-1.539547
-1.5395472
-1.5395472
-1.5395471
-1.5395471
-1.539547
-1.539547
-1.539547
-1.539547
-1.539547
-1.539547
-1.5395469
-1.5395469
-1.5395487
-1.5395487
-1.5395471
-1.5395471
-1.5395471
-1.5395471
-1.539547
-1.539547
-1.539547
-1.539547
-1.539547
-1.539547
-1.5395474
-1.5395474
-1.5395472
-1.5395472
-1.539547
-1.539547
-1.539547
-1.539547
-1.539547
-1.539547
-1.5395471
-1.5395471
-1.539547
-1.539547
-1.5395477
-1.5395477
-1.5395471
-1.5395471
-1.539547
-1.539547
-1.539547
-1.539547
-1.539547
-1.539547
-1.539547
-1.539547
-1.5395471
-1.5395471
-1.5395471
-1.5395471
-1.539547
-1.539547
-1.5395469
-1.5395469
-1.539547
-1.539547
-1.539547
-1.539547
-1.539547
-1.539547
-1.539547
-1.539547
-1.539547
-1.539547
-1.539547
-1.539547
-1.5395472
-1.5395472
-1.539547
-1.539547
-1.539547
-1.539547
-1.5395479
-1.5395479
-1.5395472
-1.5395472
-1.5395471
-1.5395471
-1.539547
-1.539547
-1.5395472
-1.5395472
-1.5395473
-1.5395473
-1.539547
-1.539547
-1.5395473
-1.5395473
-1.5395472
-1.5395472
-1.5395469
-1.5395469
-1.5395472
-1.5395472
-1.5395471
-1.5395471
-1.539547
-1.539547
-1.539547
-1.539547
-1.539547
-1.539547
-1.5395471
-1.5395471
-1.5395471
-1.5395471
-1.5395471
-1.5395471
-1.5395471
-1.5395471
-1.5395472
-1.5395472
-1.5395471
-1.5395471
-1.539547
-1.539547
-1.5395471
-1.5395471
-1.539547
-1.539547
-1.5395471
-1.5395471
-1.5395471
-1.5395471
-1.5395471
-1.5395471
-1.539547
-1.539547
-1.539547
-1.539547
-1.539547
-1.539547
-1.5395473
-1.5395473
-1.5395471
-1.5395471
-1.5395471
-1.5395471
-1.539547
-1.539547
-1.5395472
-1.5395472
-1.5395471
-1.5395471
-1.539547
-1.539547
-1.539547
-1.539547
-1.539547
-1.539547
-1.5395471
-1.5395471
-1.5395471
-1.5395471
-1.5395471
-1.5395471
-1.539547
-1.539547
-1.539547
-1.539547
-1.539547
-1.539547
-1.5395471
-1.5395471
-1.539547
-1.539547
-1.5395476
-1.5395476
-1.539547
-1.539547
-1.5395472
-1.5395472
-1.539547
-1.539547
-1.539547
-1.539547
-1.539547
-1.539547
-1.5395471
-1.5395471
-1.5395471
-1.5395471
-1.5395472
-1.5395472
-1.539547
-1.539547
-1.5395471
-1.5395471
-1.5395471
-1.5395471
-1.539547
-1.539547
-1.5395472
-1.5395472
-1.5395471
-1.5395471
-1.5395472
-1.5395472
-1.539547
-1.539547
-1.539547
-1.539547
-1.5395472
-1.5395472
-1.5395471
-1.5395471
-1.539547
-1.539547
-1.5395471
-1.5395471
-1.5395471
-1.5395471
-1.5395471
-1.5395471
-1.5395471
-1.5395471
-1.5395471
-1.5395471
-1.5395469
-1.5395469
-1.5395471
-1.5395471
-1.5395472
-1.5395472
-1.5395472
-1.5395472
-1.5395471
-1.5395471
-1.539547
-1.539547
-1.539547
-1.539547
-1.5395471
-1.5395471
-1.539547
-1.539547
-1.5395471
-1.5395471
-1.5395471
-1.5395471
-1.5395471
-1.5395471
-1.539547
-1.539547
-1.5395472
-1.5395472
-1.5395471
-1.5395471
-1.5395472
-1.5395472
-1.5395471
-1.5395471
-1.539547
-1.539547
-1.5395472
-1.5395472
-1.5395471
-1.5395471
-1.5395471
-1.5395471
-1.539547
-1.539547
-1.539547
-1.539547
-1.539547
-1.539547
-1.5395472
-1.5395472
-1.539547
-1.539547
-1.539547
-1.539547
-1.5395472
-1.5395472
-1.539547
-1.539547
-1.5395472
-1.5395472
-1.539547
-1.539547
-1.5395472
-1.5395472
-1.539547
-1.539547
-1.5395471
-1.5395471
-1.5395471
-1.5395471
-1.539547
-1.539547
-1.5395471
-1.5395471
-1.539547
-1.539547
-1.5395471
-1.5395471
-1.5395471
-1.5395471
-1.539547
-1.539547
-1.5395472
-1.5395472
-1.5395472
-1.5395472
-1.5395471
-1.5395471
-1.5395471
-1.5395471
-1.5395472
-1.5395472
-1.539547
-1.539547
-1.5395471
-1.5395471
-1.539547
-1.539547
-1.5395471
-1.5395471
-1.5395472
-1.5395472
-1.5395471
-1.5395471
-1.539547
-1.539547
-1.5395473
-1.5395473
-1.539547
-1.539547
-1.5395472
-1.5395472
-1.5395471
-1.5395471
-1.5395471
-1.5395471
-1.539547
-1.539547
-1.5395471
-1.5395471
-1.539547
-1.539547
-1.5395473
-1.5395473
-1.5395471
-1.5395471
-1.539547
-1.539547
-1.5395471
-1.5395471
-1.5395471
-1.5395471
-1.5395471
-1.5395471
-1.5395472
-1.5395472
-1.5395471
-1.5395471
-1.5395471
-1.5395471
-1.539547
-1.539547
-1.5395469
-1.5395469
-1.539547
-1.539547
-1.5395471
-1.5395471
-1.5395471
-1.5395471
-1.5395467
-1.5395467
-1.5395464
-1.5395464
-1.5395456
-1.5395456
-1.539545
-1.539545
-1.5395462
-1.5395462
-1.5395448
-1.5395448
-1.5395454
-1.5395454
-1.5395456
-1.5395456
-1.5395457
-1.5395457
-1.5395459
-1.5395459
-1.5395462
-1.5395462
-1.539546
-1.539546
-1.539547
-1.539547
-1.5395472
-1.5395472
-1.5395475
-1.5395475
-1.5395475
-1.5395475
-1.5395469
-1.5395469
-1.5395463
-1.5395463
-1.5395464
-1.5395464
-1.5395454
-1.5395454
-1.5395467
-1.5395467
-1.5395467
-1.5395467
-1.5395464
-1.5395464
-1.539546
-1.539546
-1.5395473
-1.5395473
-1.5395465
-1.5395465
-1.5395467
-1.5395467
-1.5395449
-1.5395449
-1.5395468
-1.5395468
-1.5395451
-1.5395451
-1.5395456
-1.5395456
-1.5395447
-1.5395447
-1.5395457
-1.5395457
-1.539547
-1.539547
-1.5395455
-1.5395455
-1.5395453
-1.5395453
-1.5395456
-1.5395456
-1.5395455
-1.5395455
-1.5395457
-1.5395457
-1.5395471
-1.5395471
-1.5395473
-1.5395473
-1.5395445
-1.5395445
-1.5395469
-1.5395469
-1.5395458
-1.5395458
-1.5395465
-1.5395465
-1.5395465
-1.5395465
-1.5395462
-1.5395462
-1.5395467
-1.5395467
-1.5395466
-1.5395466
-1.5395462
-1.5395462
-1.5395464
-1.5395464
-1.5395449
-1.5395449
-1.5395456
-1.5395456
-1.5395464
-1.5395464
-1.5395444
-1.5395444
-1.5395452
-1.5395452
-1.5395463
-1.5395463
-1.5395456
-1.5395456
-1.5395463
-1.5395463
-1.5395454
-1.5395454
-1.5395464
-1.5395464
-1.5395438
-1.5395438
-1.5395448
-1.5395448
-1.5395458
-1.5395458
-1.5395488
-1.5395488
-1.539546
-1.539546
-1.5395464
-1.5395464
-1.5395461
-1.5395461
-1.5395458
-1.5395458
-1.539546
-1.539546
-1.5395467
-1.5395467
-1.5395439
-1.5395439
-1.5395453
-1.5395453
-1.5395463
-1.5395463
-1.5395459
-1.5395459
-1.5395451
-1.5395451
-1.5395456
-1.5395456
-1.539547
-1.539547
-1.539546
-1.539546
-1.5395465
-1.5395465
-1.5395454
-1.5395454
-1.539547
-1.539547
-1.5395452
-1.5395452
-1.5395475
-1.5395475
-1.539544
-1.539544
-1.5395463
-1.5395463
-1.5395448
-1.5395448
-1.5395452
-1.5395452
-1.5395469
-1.5395469
-1.5395455
-1.5395455
-1.5395474
-1.5395474
-1.5395473
-1.5395473
-1.5395459
-1.5395459
-1.5395449
-1.5395449
-1.5395461
-1.5395461
-1.5395437
-1.5395437
-1.5395455
-1.5395455
-1.5395462
-1.5395462
-1.5395458
-1.5395458
-1.5395462
-1.5395462
-1.539545
-1.539545
-1.5395462
-1.5395462
-1.5395447
-1.5395447
-1.539545
-1.539545
-1.5395445
-1.5395445
-1.5395446
-1.5395446
-1.5395445
-1.5395445
-1.539546
-1.539546
-1.5395468
-1.5395468
-1.539546
-1.539546
-1.5395464
-1.5395464
-1.5395459
-1.5395459
-1.5395465
-1.5395465
-1.5395451
-1.5395451
-1.5395475
-1.5395475
-1.539544
-1.539544
-1.5395453
-1.5395453
-1.5395459
-1.5395459
-1.5395477
-1.5395477
-1.5395473
-1.5395473
-1.5395466
-1.5395466
-1.5395464
-1.5395464
-1.539545
-1.539545
-1.5395462
-1.5395462
-1.539545
-1.539545
-1.5395452
-1.5395452
-1.5395457
-1.5395457
-1.5395459
-1.5395459
-1.5395464
-1.5395464
-1.5395454
-1.5395454
-1.5395461
-1.5395461
-1.5395464
-1.5395464
-1.5395454
-1.5395454
-1.5395465
-1.5395465
-1.5395437
-1.5395437
-1.5395459
-1.5395459
-1.5395462
-1.5395462
-1.5395463
-1.5395463
-1.5395464
-1.5395464
-1.5395462
-1.5395462
-1.5395463
-1.5395463
-1.5395462
-1.5395462
-1.5395456
-1.5395456
-1.5085014
-1.5085014
-1.5083569
-1.5083569
-1.5083567
-1.5083567
-1.5083569
-1.5083569
-1.5083577
-1.5083577
-1.5083568
-1.5083568
-1.5083562
-1.5083562
-1.5083572
-1.5083572
-1.5083569
-1.5083569
-1.5083573
-1.5083573
-1.508358
-1.508358
-1.508356
-1.508356
-1.5083577
-1.5083577
-1.5083576
-1.5083576
-1.5083592
-1.5083592
-1.5083554
-1.5083554
-1.5083581
-1.5083581
-1.5083575
-1.5083575
-1.5083572
-1.5083572
-1.5083588
-1.5083588
-1.5083573
-1.5083573
-1.5083583
-1.5083583
-1.508357
-1.508357
-1.5083583
-1.5083583
-1.508357
-1.508357
-1.5083578
-1.5083578
-1.5083569
-1.5083569
-1.508357
-1.508357
-1.5083562
-1.5083562
-1.508358
-1.508358
-1.5083569
-1.5083569
-1.5083569
-1.5083569
-1.5083581
-1.5083581
-1.5083575
-1.5083575
-1.5083577
-1.5083577
-1.5083567
-1.5083567
-1.5083573
-1.5083573
-1.508356
-1.508356
-1.5083575
-1.5083575
-1.5083563
-1.5083563
-1.5083558
-1.5083558
-1.508356
-1.508356
-1.5083563
-1.5083563
-1.5083573
-1.5083573
-1.5083572
-1.5083572
-1.5083573
-1.5083573
-1.5083561
-1.5083561
-1.5083584
-1.5083584
-1.5083572
-1.5083572
-1.5083583
-1.5083583
-1.5083578
-1.5083578
-1.508358
-1.508358
-1.5083575
-1.5083575
-1.5083585
-1.5083585
-1.5083578
-1.5083578
-1.5083564
-1.5083564
-1.5083581
-1.5083581
-1.5083468
-1.5083468
-1.5083567
-1.5083567
-1.5083575
-1.5083575
-1.5083572
-1.5083572
-1.5083572
-1.5083572
-1.5083568
-1.5083568
-1.5083489
-1.5083489
-1.5083585
-1.5083585
-1.5083568
-1.5083568
-1.5083583
-1.5083583
-1.508357
-1.508357
-1.508356
-1.508356
-1.5083573
-1.5083573
-1.508357
-1.508357
-1.5083558
-1.5083558
-1.508358
-1.508358
-1.5083544
-1.5083544
-1.5083561
-1.5083561
-1.5083554
-1.5083554
-1.5083575
-1.5083575
-1.5083581
-1.5083581
-1.5083568
-1.5083568
-1.5083591
-1.5083591
-1.5083572
-1.5083572
-1.5083585
-1.5083585
-1.5083576
-1.5083576
-1.5083583
-1.5083583
-1.5083568
-1.5083568
-1.5083585
-1.5083585
-1.5083571
-1.5083571
-1.5083591
-1.5083591
-1.5083563
-1.5083563
-1.5083574
-1.5083574
-1.5083568
-1.5083568
-1.5083573
-1.5083573
-1.5083558
-1.5083558
-1.5083567
-1.5083567
-1.5083562
-1.5083562
-1.5083585
-1.5083585
-1.5083558
-1.5083558
-1.5083573
-1.5083573
-1.5083559
-1.5083559
-1.5083576
-1.5083576
-1.5083559
-1.5083559
-1.5083575
-1.5083575
-1.5083563
-1.5083563
-1.5083576
-1.5083576
-1.5083578
-1.5083578
-1.5083588
-1.5083588
-1.5083583
-1.5083583
-1.508357
-1.508357
-1.5083579
-1.5083579
-1.5083542
-1.5083542
-1.5083564
-1.5083564
-1.5083566
-1.5083566
-1.4774303
-1.4774303
-1.4772909
-1.4772909
-1.477289
-1.477289
-1.4772902
-1.4772902
-1.4772896
-1.4772896
-1.4772895
-1.4772895
-1.4772902
-1.4772902
-1.4772893
-1.4772893
-1.4772899
-1.4772899
-1.4772901
-1.4772901
-1.4772876
-1.4772876
-1.477291
-1.477291
-1.4772901
-1.4772901
-1.4772886
-1.4772886
-1.4772908
-1.4772908
-1.4772894
-1.4772894
-1.4772894
-1.4772894
-1.4772891
-1.4772891
-1.4772891
-1.4772891
-1.4772898
-1.4772898
-1.4772884
-1.4772884
-1.4772894
-1.4772894
-1.4772886
-1.4772886
-1.4772889
-1.4772889
-1.4772896
-1.4772896
-1.4772886
-1.4772886
-1.477288
-1.477288
-1.4772906
-1.4772906
-1.4772881
-1.4772881
-1.4772904
-1.4772904
-1.4772893
-1.4772893
-1.4772915
-1.4772915
-1.4772892
-1.4772892
-1.4772905
-1.4772905
-1.4772878
-1.4772878
-1.47729
-1.47729
-1.4772896
-1.4772896
-1.4772883
-1.4772883
-1.4772887
-1.4772887
-1.4772893
-1.4772893
-1.4772895
-1.4772895
-1.4772902
-1.4772902
-1.4772888
-1.4772888
-1.4772907
-1.4772907
-1.4772899
-1.4772899
-1.4772897
-1.4772897
-1.4772911
-1.4772911
-1.4772904
-1.4772904
-1.4772923
-1.4772923
-1.4772893
-1.4772893
-1.4772925
-1.4772925
-1.4772914
-1.4772914
-1.4772903
-1.4772903
-1.4772898
-1.4772898
-1.4772891
-1.4772891
-1.4772886
-1.4772886
-1.4772888
-1.4772888
-1.4772869
-1.4772869
-1.4772861
-1.4772861
-1.4772891
-1.4772891
-1.4772882
-1.4772882
-1.4772908
-1.4772908
-1.4772894
-1.4772894
-1.4772895
-1.4772895
-1.4772898
-1.4772898
-1.4772896
-1.4772896
-1.4772893
-1.4772893
-1.4772903
-1.4772903
-1.4772897
-1.4772897
-1.4772901
-1.4772901
-1.4772913
-1.4772913
-1.4772911
-1.4772911
-1.4772913
-1.4772913
-1.4772903
-1.4772903
-1.4772908
-1.4772908
-1.4772912
-1.4772912
-1.4772914
-1.4772914
-1.477291
-1.477291
-1.4772907
-1.4772907
-1.4772914
-1.4772914
-1.4772918
-1.4772918
-1.4772908
-1.4772908
-1.4772913
-1.4772913
-1.4772907
-1.4772907
-1.4772904
-1.4772904
-1.4772901
-1.4772901
-1.4772902
-1.4772902
-1.4772903
-1.4772903
-1.4772903
-1.4772903
-1.4772901
-1.4772901
-1.4772906
-1.4772906
-1.4772908
-1.4772908
-1.4772909
-1.4772909
-1.477291
-1.477291
-1.477291
-1.477291
-1.4772914
-1.4772914
-1.4772907
-1.4772907
-1.477291
-1.477291
-1.4772905
-1.4772905
-1.4772903
-1.4772903
-1.4772902
-1.4772902
-1.4772898
-1.4772898
-1.4772901
-1.4772901
-1.477296
-1.477296
-1.4772956
-1.4772956
-1.4772917
-1.4772917
-1.4772906
-1.4772906
-1.4772899
-1.4772899
-1.4772898
-1.4772898
-1.4772899
-1.4772899
-1.4772902
-1.4772902
-1.4772905
-1.4772905
-1.4772909
-1.4772909
-1.4772916
-1.4772916
-1.4772914
-1.4772914
-1.4772914
-1.4772914
-1.4772911
-1.4772911
-1.4772902
-1.4772902
-1.4772906
-1.4772906
-1.4772908
-1.4772908
-1.4772909
-1.4772909
-1.4772908
-1.4772908
-1.4772907
-1.4772907
-1.4772907
-1.4772907
-1.4772907
-1.4772907
-1.4772906
-1.4772906
-1.4772907
-1.4772907
-1.4772909
-1.4772909
-1.477291
-1.477291
-1.4772911
-1.4772911
-1.4772912
-1.4772912
-1.4772906
-1.4772906
-1.4772911
-1.4772911
-1.4772909
-1.4772909
-1.477291
-1.477291
-1.4772909
-1.4772909
-1.4772907
-1.4772907
-1.4772907
-1.4772907
-1.4772906
-1.4772906
-1.4772907
-1.4772907
-1.4772908
-1.4772908
-1.4772909
-1.4772909
-1.4772907
-1.4772907
-1.4772909
-1.4772909
-1.4772908
-1.4772908
-1.4772912
-1.4772912
-1.4772907
-1.4772907
-1.4772908
-1.4772908
-1.4772907
-1.4772907
-1.4772908
-1.4772908
-1.4772909
-1.4772909
-1.4772907
-1.4772907
-1.4772909
-1.4772909
-1.4772909
-1.4772909
-1.4772908
-1.4772908
-1.4772907
-1.4772907
-1.4772907
-1.4772907
-1.4772908
-1.4772908
-1.4772908
-1.4772908
-1.4772908
-1.4772908
-1.4772907
-1.4772907
-1.4772908
-1.4772908
-1.4772906
-1.4772906
-1.4772908
-1.4772908
-1.4772907
-1.4772907
-1.4772909
-1.4772909
-1.446548
-1.446548
-1.4464037
-1.4464037
-1.4464031
-1.4464031
-1.4464031
-1.4464031
-1.4464033
-1.4464033
-1.4464032
-1.4464032
-1.4464032
-1.4464032
-1.4464031
-1.4464031
-1.4464031
-1.4464031
-1.4464032
-1.4464032
-1.4464031
-1.4464031
-1.4464031
-1.4464031
-1.4464032
-1.4464032
-1.4464031
-1.4464031
-1.4464031
-1.4464031
-1.4464032
-1.4464032
-1.4464031
-1.4464031
-1.4464031
-1.4464031
-1.4464033
-1.4464033
-1.4464032
-1.4464032
-1.4464032
-1.4464032
-1.4464031
-1.4464031
-1.4464031
-1.4464031
-1.446403
-1.446403
-1.4464031
-1.4464031
-1.4464032
-1.4464032
-1.4464032
-1.4464032
-1.4464031
-1.4464031
-1.4464031
-1.4464031
-1.4464031
-1.4464031
-1.4464032
-1.4464032
-1.446403
-1.446403
-1.4464031
-1.4464031
-1.4464032
-1.4464032
-1.4464031
-1.4464031
-1.4464032
-1.4464032
-1.4464031
-1.4464031
-1.4464032
-1.4464032
-1.4464031
-1.4464031
-1.4464033
-1.4464033
-1.4464031
-1.4464031
-1.4464031
-1.4464031
-1.4464032
-1.4464032
-1.4464031
-1.4464031
-1.4464031
-1.4464031
-1.4464031
-1.4464031
-1.4464032
-1.4464032
-1.4464032
-1.4464032
-1.4464031
-1.4464031
-1.4464033
-1.4464033
-1.4464031
-1.4464031
-1.4464031
-1.4464031
-1.4464031
-1.4464031
-1.4464033
-1.4464033
-1.4464031
-1.4464031
-1.4464031
-1.4464031
-1.4464031
-1.4464031
-1.4464031
-1.4464031
-1.4464031
-1.4464031
-1.4464034
-1.4464034
-1.4464031
-1.4464031
-1.4464031
-1.4464031
-1.446403
-1.446403
-1.4464033
-1.4464033
-1.4464031
-1.4464031
-1.4464032
-1.4464032
-1.4464031
-1.4464031
-1.4464031
-1.4464031
-1.4464032
-1.4464032
-1.4464031
-1.4464031
-1.4464032
-1.4464032
-1.4464032
-1.4464032
-1.4464032
-1.4464032
-1.4464032
-1.4464032
-1.4464031
-1.4464031
-1.4464031
-1.4464031
-1.4464032
-1.4464032
-1.4464033
-1.4464033
-1.4464031
-1.4464031
-1.4464032
-1.4464032
-1.4464031
-1.4464031
-1.4464032
-1.4464032
-1.4464034
-1.4464034
-1.4464032
-1.4464032
-1.446403
-1.446403
-1.4464031
-1.4464031
-1.4464033
-1.4464033
-1.4464032
-1.4464032
-1.4464032
-1.4464032
-1.4464031
-1.4464031
-1.4464031
-1.4464031
-1.4464032
-1.4464032
-1.4464031
-1.4464031
-1.4464032
-1.4464032
-1.4464033
-1.4464033
-1.4464032
-1.4464032
-1.4464032
-1.4464032
-1.4464033
-1.4464033
-1.4464032
-1.4464032
-1.4464031
-1.4464031
-1.4464031
-1.4464031
-1.4464032
-1.4464032
-1.4464033
-1.4464033
-1.4464032
-1.4464032
-1.4464031
-1.4464031
-1.4464031
-1.4464031
-1.4464031
-1.4464031
-1.446403
-1.446403
-1.4464031
-1.4464031
-1.4464032
-1.4464032
-1.4464031
-1.4464031
-1.4464031
-1.4464031
-1.4464032
-1.4464032
-1.4464032
-1.4464032
-1.4464032
-1.4464032
-1.4464031
-1.4464031
-1.4464031
-1.4464031
-1.4464032
-1.4464032
-1.4464031
-1.4464031
-1.4464032
-1.4464032
-1.4464031
-1.4464031
-1.4464032
-1.4464032
-1.4464032
-1.4464032
-1.4464033
-1.4464033
-1.4464032
-1.4464032
-1.4464032
-1.4464032
-1.4464031
-1.4464031
-1.4464033
-1.4464033
-1.4464033
-1.4464033
-1.4464032
-1.4464032
-1.4464032
-1.4464032
-1.4464031
-1.4464031
-1.446403
-1.446403
-1.4464031
-1.4464031
-1.4464031
-1.4464031
-1.4464032
-1.4464032
-1.4464031
-1.4464031
-1.4464034
-1.4464034
-1.4464031
-1.4464031
-1.4464032
-1.4464032
-1.4464031
-1.4464031
-1.4464031
-1.4464031
-1.4464033
-1.4464033
-1.4464031
-1.4464031
-1.4464031
-1.4464031
-1.4464033
-1.4464033
-1.4464031
-1.4464031
-1.4464033
-1.4464033
-1.4464031
-1.4464031
-1.4464032
-1.4464032
-1.4464033
-1.4464033
-1.4464032
-1.4464032
-1.4464031
-1.4464031
-1.4464031
-1.4464031
-1.4464031
-1.4464031
-1.4464031
-1.4464031
-1.4464032
-1.4464032
-1.4464032
-1.4464032
-1.4464032
-1.4464032
-1.4464032
-1.4464032
-1.4464032
-1.4464032
-1.4464031
-1.4464031
-1.4464032
-1.4464032
-1.4464032
-1.4464032
-1.4464032
-1.4464032
-1.4464032
-1.4464032
-1.4464031
-1.4464031
-1.4464031
-1.4464031
-1.4464032
-1.4464032
-1.4464032
-1.4464032
-1.4464032
-1.4464032
-1.4464033
-1.4464033
-1.4464032
-1.4464032
-1.4464031
-1.4464031
-1.4464031
-1.4464031
-1.446403
-1.446403
-1.4464032
-1.4464032
-1.4464031
-1.4464031
-1.446403
-1.446403
-1.4464032
-1.4464032
-1.4464031
-1.4464031
-1.4464032
-1.4464032
-1.4464031
-1.4464031
-1.4464031
-1.4464031
-1.4464031
-1.4464031
-1.4464031
-1.4464031
-1.4464034
-1.4464034
-1.4464031
-1.4464031
-1.4464032
-1.4464032
-1.4464033
-1.4464033
-1.4464032
-1.4464032
-1.4464032
-1.4464032
-1.4464031
-1.4464031
-1.4464033
-1.4464033
-1.4464032
-1.4464032
-1.4464033
-1.4464033
-1.4464032
-1.4464032
-1.4464033
-1.4464033
-1.4464032
-1.4464032
-1.4464032
-1.4464032
-1.446403
-1.446403
-1.4464032
-1.4464032
-1.4464032
-1.4464032
-1.4464031
-1.4464031
-1.4464032
-1.4464032
-1.4464032
-1.4464032
-1.4464031
-1.4464031
-1.4464031
-1.4464031
-1.4464033
-1.4464033
-1.4464032
-1.4464032
-1.4464032
-1.4464032
-1.446403
-1.446403
-1.4464031
-1.4464031
-1.4464031
-1.4464031
-1.4464031
-1.4464031
-1.4464032
-1.4464032
-1.4464031
-1.4464031
-1.4464033
-1.4464033
-1.4464032
-1.4464032
-1.4464031
-1.4464031
-1.4464032
-1.4464032
-1.4464031
-1.4464031
-1.4464031
-1.4464031
-1.4464031
-1.4464031
-1.4464032
-1.4464032
-1.4464031
-1.4464031
-1.4464031
-1.4464031
-1.4464072
-1.4464072
-1.4464032
-1.4464032
-1.4464033
-1.4464033
-1.4464034
-1.4464034
-1.4464031
-1.4464031
-1.4464032
-1.4464032
-1.4464032
-1.4464032
-1.4464031
-1.4464031
-1.4464031
-1.4464031
-1.4464032
-1.4464032
-1.446403
-1.446403
-1.4464032
-1.4464032
-1.4464032
-1.4464032
-1.4464031
-1.4464031
-1.4464032
-1.4464032
-1.4464031
-1.4464031
-1.4464032
-1.4464032
-1.4464033
-1.4464033
-1.4464031
-1.4464031
-1.446403
-1.446403
-1.4464031
-1.4464031
-1.4464031
-1.4464031
-1.4464031
-1.4464031
-1.4464032
-1.4464032
-1.4464031
-1.4464031
-1.4464031
-1.4464031
-1.4464031
-1.4464031
-1.4464054
-1.4464054
-1.4464032
-1.4464032
-1.4464032
-1.4464032
-1.4464032
-1.4464032
-1.4464032
-1.4464032
-1.4464033
-1.4464033
-1.4464032
-1.4464032
-1.4464032
-1.4464032
-1.4464032
-1.4464032
-1.4464033
-1.4464033
-1.4464031
-1.4464031
-1.4464032
-1.4464032
-1.446403
-1.446403
-1.4464031
-1.4464031
-1.4464031
-1.4464031
-1.4464031
-1.4464031
-1.4464031
-1.4464031
-1.4464032
-1.4464032
-1.4464033
-1.4464033
-1.4464033
-1.4464033
-1.4464031
-1.4464031
-1.4464031
-1.4464031
-1.4464033
-1.4464033
-1.4464031
-1.4464031
-1.4464031
-1.4464031
-1.4464032
-1.4464032
-1.4464032
-1.4464032
-1.4464035
-1.4464035
-1.4464032
-1.4464032
-1.4464032
-1.4464032
-1.4464031
-1.4464031
-1.4464032
-1.4464032
-1.4464037
-1.4464037
-1.4464031
-1.4464031
-1.4464032
-1.4464032
-1.4464007
-1.4464007
-1.4464012
-1.4464012
-1.4464
-1.4464
-1.4463989
-1.4463989
-1.4463986
-1.4463986
-1.4463991
-1.4463991
-1.4464003
-1.4464003
-1.4464021
-1.4464021
-1.4464015
-1.4464015
-1.4464021
-1.4464021
-1.4464027
-1.4464027
-1.4464028
-1.4464028
-1.4464034
-1.4464034
-1.4464026
-1.4464026
-1.4464038
-1.4464038
-1.4464022
-1.4464022
-1.4464036
-1.4464036
-1.4464005
-1.4464005
-1.4464025
-1.4464025
-1.4464013
-1.4464013
-1.4464027
-1.4464027
-1.4464031
-1.4464031
-1.4464033
-1.4464033
-1.4464043
-1.4464043
-1.4464005
-1.4464005
-1.4464007
-1.4464007
-1.4464035
-1.4464035
-1.4464019
-1.4464019
-1.4464057
-1.4464057
-1.4464015
-1.4464015
-1.4464013
-1.4464013
-1.4464023
-1.4464023
-1.4464019
-1.4464019
-1.4464032
-1.4464032
-1.4464009
-1.4464009
-1.4464025
-1.4464025
-1.4464018
-1.4464018
-1.4464013
-1.4464013
-1.4464024
-1.4464024
-1.446402
-1.446402
-1.4464029
-1.4464029
-1.4464027
-1.4464027
-1.4464027
-1.4464027
-1.4464022
-1.4464022
-1.4464034
-1.4464034
-1.4464007
-1.4464007
-1.4464013
-1.4464013
-1.4464032
-1.4464032
-1.4463941
-1.4463941
-1.4463961
-1.4463961
-1.4464025
-1.4464025
-1.4464026
-1.4464026
-1.4464023
-1.4464023
-1.4464028
-1.4464028
-1.4464017
-1.4464017
-1.4464031
-1.4464031
-1.4464018
-1.4464018
-1.4464013
-1.4464013
-1.4464029
-1.4464029
-1.4464037
-1.4464037
-1.4464036
-1.4464036
-1.4464025
-1.4464025
-1.4464043
-1.4464043
-1.4464021
-1.4464021
-1.4464015
-1.4464015
-1.446402
-1.446402
-1.4464021
-1.4464021
-1.4464017
-1.4464017
-1.4464019
-1.4464019
-1.4464024
-1.4464024
-1.4464011
-1.4464011
-1.4464021
-1.4464021
-1.4464023
-1.4464023
-1.4464023
-1.4464023
-1.4464004
-1.4464004
-1.4464017
-1.4464017
-1.446401
-1.446401
-1.4464029
-1.4464029
-1.446403
-1.446403
-1.4464033
-1.4464033
-1.4464016
-1.4464016
-1.4464033
-1.4464033
-1.446402
-1.446402
-1.4464025
-1.4464025
-1.4464021
-1.4464021
-1.4464013
-1.4464013
-1.4464011
-1.4464011
-1.4464021
-1.4464021
-1.4464032
-1.4464032
-1.4464016
-1.4464016
-1.4464022
-1.4464022
-1.4464017
-1.4464017
-1.4464023
-1.4464023
-1.4464012
-1.4464012
-1.4464032
-1.4464032
-1.4464016
-1.4464016
-1.446404
-1.446404
-1.4464026
-1.4464026
-1.446403
-1.446403
-1.4464024
-1.4464024
-1.4464025
-1.4464025
-1.4463983
-1.4463983
-1.4463995
-1.4463995
-1.4464026
-1.4464026
-1.446402
-1.446402
-1.446402
-1.446402
-1.4464028
-1.4464028
-1.4464026
-1.4464026
-1.4464027
-1.4464027
-1.4464024
-1.4464024
-1.446402
-1.446402
-1.4464025
-1.4464025
-1.4464018
-1.4464018
-1.4464017
