0.03716368
0.03716368
1.24087494
1.24087494
1.19462397
1.19462397
1.19279766
1.19279766
1.19350321
1.19350321
1.19365433
1.19365433
1.19370735
1.19370735
1.19372112
1.19372112
1.19373126
1.19373126
1.19374802
1.19374802
1.19374009
1.19374009
1.19375288
1.19375288
1.19374356
1.19374356
1.19374913
1.19374913
1.19374939
1.19374939
1.19374937
1.19374937
1.19374945
1.19374945
1.1937496
1.1937496
1.19374946
1.19374946
1.1937495
1.1937495
1.19374971
1.19374971
1.19374974
1.19374974
1.19374977
1.19374977
1.19374983
1.19374983
1.18125582
1.18125582
1.18124981
1.18124981
1.18124984
1.18124984
1.18124985
1.18124985
1.18124986
1.18124986
1.18124988
1.18124988
1.18124991
1.18124991
1.18124988
1.18124988
1.18124963
1.18124963
1.1687555
1.1687555
1.16874997
1.16874997
1.16874996
1.16874996
1.16874995
1.16874995
1.16874995
1.16874995
1.16874996
1.16874996
1.16874996
1.16874996
1.16874997
1.16874997
1.16874998
1.16874998
1.16874996
1.16874996
1.16874997
1.16874997
1.16874998
1.16874998
1.16874998
1.16874998
1.16874997
1.16874997
1.16874999
1.16874999
1.16874999
1.16874999
1.16874999
1.16874999
1.16874999
1.16874999
1.16874999
1.16874999
1.16874999
1.16874999
1.16874999
1.16874999
1.16874999
1.16874999
1.16875
1.16875
1.16875
1.16875
1.16875
1.16875
1.16875
1.16875
1.16875004
1.16875004
1.16875001
1.16875001
1.16875
1.16875
1.16875001
1.16875001
1.16875001
1.16875001
1.16875001
1.16875001
1.16875001
1.16875001
1.16875001
1.16875001
1.16875001
1.16875001
1.16875001
1.16875001
1.16875001
1.16875001
1.16875001
1.16875001
1.16875001
1.16875001
1.16875001
1.16875001
1.16875001
1.16875001
1.16875001
1.16875001
1.16875001
1.16875001
1.16875001
1.16875001
1.16875001
1.16875001
1.16875001
1.16875001
1.16875001
1.16875001
1.16875001
1.16875001
1.16875001
1.16875001
1.16875001
1.16875001
1.16875001
1.16875001
1.16875002
1.16875002
1.16875001
1.16875001
1.16875002
1.16875002
1.16875002
1.16875002
1.16875001
1.16875001
1.16875001
1.16875001
1.16875001
1.16875001
1.16875002
1.16875002
1.16875001
1.16875001
1.16875001
1.16875001
1.16875001
1.16875001
1.16875001
1.16875001
1.16875001
1.16875001
1.16875001
1.16875001
1.16875002
1.16875002
1.16875001
1.16875001
1.16875002
1.16875002
1.16875002
1.16875002
1.16875001
1.16875001
1.16875001
1.16875001
1.16875001
1.16875001
1.16875001
1.16875001
1.16875001
1.16875001
1.16875001
1.16875001
1.16875001
1.16875001
1.16875001
1.16875001
1.16875002
1.16875002
1.16875002
1.16875002
1.16875001
1.16875001
1.16875001
1.16875001
1.16875001
1.16875001
1.16875001
1.16875001
1.16875001
1.16875001
1.16875002
1.16875002
1.16875001
1.16875001
1.16875001
1.16875001
1.16875002
1.16875002
1.16875002
1.16875002
1.16875001
1.16875001
1.16875002
1.16875002
1.16875001
1.16875001
1.16875001
1.16875001
1.16875001
1.16875001
1.16875001
1.16875001
1.16875001
1.16875001
1.16875002
1.16875002
1.16875002
1.16875002
1.16875002
1.16875002
1.16875001
1.16875001
1.16875001
1.16875001
1.16875002
1.16875002
1.16875001
1.16875001
1.16875002
1.16875002
1.16875001
1.16875001
1.16875002
1.16875002
1.16875001
1.16875001
1.16875002
1.16875002
1.16875002
1.16875002
1.16875002
1.16875002
1.16875001
1.16875001
1.16875002
1.16875002
1.16875002
1.16875002
1.16875002
1.16875002
1.16875002
1.16875002
1.16875001
1.16875001
1.16875001
1.16875001
1.16875001
1.16875001
1.16875001
1.16875001
1.16875001
1.16875001
1.16875002
1.16875002
1.16875001
1.16875001
1.16875002
1.16875002
1.16875001
1.16875001
1.16875001
1.16875001
1.16875002
1.16875002
1.16875005
1.16875005
1.16875001
1.16875001
1.16875002
1.16875002
1.16875001
1.16875001
1.16875002
1.16875002
1.16875001
1.16875001
1.16875001
1.16875001
1.16875001
1.16875001
1.16875002
1.16875002
1.16875002
1.16875002
1.16875002
1.16875002
1.16875002
1.16875002
1.16875002
1.16875002
1.16875001
1.16875001
1.16875002
1.16875002
1.16875001
1.16875001
1.16875002
1.16875002
1.16875002
1.16875002
1.16875001
1.16875001
1.16875001
1.16875001
1.16875001
1.16875001
1.16875001
1.16875001
1.16875001
1.16875001
1.16875002
1.16875002
1.16875002
1.16875002
1.16875001
1.16875001
1.16875002
1.16875002
1.16875001
1.16875001
1.16875002
1.16875002
1.16875002
1.16875002
1.16875001
1.16875001
1.16875001
1.16875001
1.16875001
1.16875001
1.16875002
1.16875002
1.16875002
1.16875002
1.16875001
1.16875001
1.16875001
1.16875001
1.16875001
1.16875001
1.16875001
1.16875001
1.16875004
1.16875004
1.16875002
1.16875002
1.16875002
1.16875002
1.16875001
1.16875001
1.16875002
1.16875002
1.16875002
1.16875002
1.16875002
1.16875002
1.16875001
1.16875001
1.16875002
1.16875002
1.16875002
1.16875002
1.16875002
1.16875002
1.16875001
1.16875001
1.16875001
1.16875001
1.16875001
1.16875001
1.16875002
1.16875002
1.16875001
1.16875001
1.16875002
1.16875002
1.16875002
1.16875002
1.16875002
1.16875002
1.16875002
1.16875002
1.16875001
1.16875001
1.16875002
1.16875002
1.16875001
1.16875001
1.16875002
1.16875002
1.16875001
1.16875001
1.16875001
1.16875001
1.16875002
1.16875002
1.16875002
1.16875002
1.16875002
1.16875002
1.16875002
1.16875002
1.16875001
1.16875001
1.16875002
1.16875002
1.16875001
1.16875001
1.16875002
1.16875002
1.16875001
1.16875001
1.16875003
1.16875003
1.16875001
1.16875001
1.16875001
1.16875001
1.16875001
1.16875001
1.16875002
1.16875002
1.16875001
1.16875001
1.16875001
1.16875001
1.16875002
1.16875002
1.16875001
1.16875001
1.16875002
1.16875002
1.16875002
1.16875002
1.16875001
1.16875001
1.16875001
1.16875001
1.16875001
1.16875001
1.16875002
1.16875002
1.16875002
1.16875002
1.16875001
1.16875001
1.16875002
1.16875002
1.16875002
1.16875002
1.16875002
1.16875002
1.16875002
1.16875002
1.16875002
1.16875002
1.16875001
1.16875001
1.16875002
1.16875002
1.16875001
1.16875001
1.16875001
1.16875001
1.16875002
1.16875002
1.16875002
1.16875002
1.16875002
1.16875002
1.16875001
1.16875001
1.16875002
1.16875002
1.16875002
1.16875002
1.16875001
1.16875001
1.16875002
1.16875002
1.16875002
1.16875002
1.16875002
1.16875002
1.16875002
1.16875002
1.16875001
1.16875001
1.16875001
1.16875001
1.16875002
1.16875002
1.16875002
1.16875002
1.16875002
1.16875002
1.16875002
1.16875002
1.16875002
1.16875002
1.16875001
1.16875001
1.16875001
1.16875001
1.16875001
1.16875001
1.16875002
1.16875002
1.16875002
1.16875002
1.16875002
1.16875002
1.16875002
1.16875002
1.16875002
1.16875002
1.16875002
1.16875002
1.16875001
1.16875001
1.16875002
1.16875002
1.16875002
1.16875002
1.16875002
1.16875002
1.16875002
1.16875002
1.16875002
1.16875002
1.16875001
1.16875001
1.16875001
1.16875001
1.16875002
1.16875002
1.16875001
1.16875001
1.16875001
1.16875001
1.16875002
1.16875002
1.16875001
1.16875001
1.16875001
1.16875001
1.16875001
1.16875001
1.16875001
1.16875001
1.16875001
1.16875001
1.16875001
1.16875001
1.16875002
1.16875002
1.16875002
1.16875002
1.16875002
1.16875002
1.16875002
1.16875002
1.16875001
1.16875001
1.16875002
1.16875002
1.16875001
1.16875001
1.16875001
1.16875001
1.16875001
1.16875001
1.16875002
1.16875002
1.16875001
1.16875001
1.16875002
1.16875002
1.16875001
1.16875001
1.16875001
1.16875001
1.16875001
1.16875001
1.16875001
1.16875001
1.16875001
1.16875001
1.16875001
1.16875001
1.16875002
1.16875002
1.16875002
1.16875002
1.16875001
1.16875001
1.16875002
1.16875002
1.16875001
1.16875001
1.16875002
1.16875002
1.16875001
1.16875001
1.16875001
1.16875001
1.16875001
1.16875001
1.16875002
1.16875002
1.16875001
1.16875001
1.16875002
1.16875002
1.16875001
1.16875001
1.16875001
1.16875001
1.16875001
1.16875001
1.16875006
1.16875006
1.16875001
1.16875001
1.16875002
1.16875002
1.16875002
1.16875002
1.16875001
1.16875001
1.16875002
1.16875002
1.16875002
1.16875002
1.16875001
1.16875001
1.16875002
1.16875002
1.16875002
1.16875002
1.16875001
1.16875001
1.16875002
1.16875002
1.16875003
1.16875003
1.16875001
1.16875001
1.16875001
1.16875001
1.16875001
1.16875001
1.16875001
1.16875001
1.16875001
1.16875001
1.16875001
1.16875001
1.16875002
1.16875002
1.16875002
1.16875002
1.16875002
1.16875002
1.16875002
1.16875002
1.16875001
1.16875001
1.16875001
1.16875001
1.16875001
1.16875001
1.16875001
1.16875001
1.16875001
1.16875001
1.16875002
1.16875002
1.16875001
1.16875001
1.16875001
1.16875001
1.16875001
1.16875001
1.16875001
1.16875001
1.16875004
1.16875004
1.16875002
1.16875002
1.16875002
1.16875002
1.16875001
1.16875001
1.16875001
1.16875001
1.16875001
1.16875001
1.16875002
1.16875002
1.16875001
1.16875001
1.16875002
1.16875002
1.16875002
1.16875002
1.16875002
1.16875002
1.16875002
1.16875002
1.16875002
1.16875002
1.16875002
1.16875002
1.16875001
1.16875001
1.16875002
1.16875002
1.16875002
1.16875002
1.16875002
1.16875002
1.16875001
1.16875001
1.16875002
1.16875002
1.16875001
1.16875001
1.16875002
1.16875002
1.16875002
1.16875002
1.16875001
1.16875001
1.16875001
1.16875001
1.16875002
1.16875002
1.16875002
1.16875002
1.16875002
1.16875002
1.16875001
1.16875001
1.16875002
1.16875002
1.16875001
1.16875001
1.16875001
1.16875001
1.16875001
1.16875001
1.16875002
1.16875002
1.16875002
1.16875002
1.16875002
1.16875002
1.16875002
1.16875002
1.16875001
1.16875001
1.16875002
1.16875002
1.16875002
1.16875002
1.16875001
1.16875001
1.16875002
1.16875002
1.16875002
1.16875002
1.16875001
1.16875001
1.16875003
1.16875003
1.16874998
1.16874998
1.16874993
1.16874993
1.16874994
1.16874994
1.16874989
1.16874989
1.16874992
1.16874992
1.16874984
1.16874984
1.16874992
1.16874992
1.16874991
1.16874991
1.16874992
1.16874992
1.16874992
1.16874992
1.16874995
1.16874995
1.16874995
1.16874995
1.16875
1.16875
1.16875
1.16875
1.16874997
1.16874997
1.16874996
1.16874996
1.16874991
1.16874991
1.16874996
1.16874996
1.16874995
1.16874995
1.16874995
1.16874995
1.16874998
1.16874998
1.16874996
1.16874996
1.16874996
1.16874996
1.16874997
1.16874997
1.16874998
1.16874998
1.16875
1.16875
1.16875001
1.16875001
1.16875001
1.16875001
1.16874999
1.16874999
1.16875002
1.16875002
1.16875005
1.16875005
1.16875002
1.16875002
1.16874993
1.16874993
1.16875001
1.16875001
1.16874997
1.16874997
1.16875
1.16875
1.16874999
1.16874999
1.16874996
1.16874996
1.16874999
1.16874999
1.16874999
1.16874999
1.16875002
1.16875002
1.16874998
1.16874998
1.16874999
1.16874999
1.16874995
1.16874995
1.16875003
1.16875003
1.16874993
1.16874993
1.16874998
1.16874998
1.16874989
1.16874989
1.16875
1.16875
1.1687499
1.1687499
1.16875002
1.16875002
1.16874996
1.16874996
1.16875002
1.16875002
1.16874996
1.16874996
1.16874995
1.16874995
1.16874999
1.16874999
1.16874993
1.16874993
1.16874995
1.16874995
1.16874994
1.16874994
1.16875001
1.16875001
1.16874996
1.16874996
1.16874999
1.16874999
1.16875005
1.16875005
1.16874996
1.16874996
1.16875003
1.16875003
1.16874999
1.16874999
1.16875002
1.16875002
1.16874997
1.16874997
1.16874996
1.16874996
1.16874998
1.16874998
1.16874997
1.16874997
1.16875003
1.16875003
1.16874999
1.16874999
1.16875001
1.16875001
1.16874994
1.16874994
1.16874988
1.16874988
1.16874991
1.16874991
1.16874992
1.16874992
1.16874997
1.16874997
1.16874998
1.16874998
1.16874996
1.16874996
1.16875003
1.16875003
1.16874997
1.16874997
1.16874995
1.16874995
1.16874993
1.16874993
1.16874997
1.16874997
1.16874994
1.16874994
1.16875
1.16875
1.16875
1.16875
1.16874999
1.16874999
1.16874939
1.16874939
1.16874998
1.16874998
1.16874997
1.16874997
1.16874997
1.16874997
1.16875005
1.16875005
1.16874995
1.16874995
1.16875002
1.16875002
1.16874999
1.16874999
1.16874994
1.16874994
1.16875004
1.16875004
1.16875
1.16875
1.16875003
1.16875003
1.16875003
1.16875003
1.16874999
1.16874999
1.16875002
1.16875002
1.16874998
1.16874998
1.16875001
1.16875001
1.16875006
1.16875006
1.16874996
1.16874996
1.16874998
1.16874998
1.16875
1.16875
1.16874997
1.16874997
1.16875002
1.16875002
1.16874992
1.16874992
1.16874999
1.16874999
1.16874999
1.16874999
1.16875
1.16875
1.16875003
1.16875003
1.16875
1.16875
1.16875
1.16875
1.16875004
1.16875004
1.16874994
1.16874994
1.16874972
1.16874972
1.16874991
1.16874991
1.16874997
1.16874997
1.16874993
1.16874993
1.16874989
1.16874989
1.16875001
1.16875001
1.16874999
1.16874999
1.16875
1.16875
1.16875004
1.16875004
1.16874998
1.16874998
1.16875002
1.16875002
1.16874996
1.16874996
1.16875008
1.16875008
1.16874995
1.16874995
1.16875001
1.16875001
1.14062511
1.14062511
1.14062497
1.14062497
1.14062499
1.14062499
1.14062494
1.14062494
1.14062496
1.14062496
1.14062495
1.14062495
1.14062496
1.14062496
1.140625
1.140625
1.14062489
1.14062489
1.14062499
1.14062499
1.14062497
1.14062497
1.14062496
1.14062496
1.14062489
1.14062489
1.14062499
1.14062499
1.140625
1.140625
1.14062504
1.14062504
1.14062491
1.14062491
1.14062496
1.14062496
1.14062497
1.14062497
1.14062497
1.14062497
1.14062497
1.14062497
1.14062491
1.14062491
1.14062498
1.14062498
1.14062496
1.14062496
1.14062501
1.14062501
1.14062498
1.14062498
1.140625
1.140625
1.140625
1.140625
1.14062501
1.14062501
1.14062501
1.14062501
1.14062497
1.14062497
1.14062497
1.14062497
1.140625
1.140625
1.14062499
1.14062499
1.14062502
1.14062502
1.14062498
1.14062498
1.140625
1.140625
1.14062498
1.14062498
1.14062501
1.14062501
1.14062501
1.14062501
1.14062502
1.14062502
1.140625
1.140625
1.14062498
1.14062498
1.14062499
1.14062499
1.14062493
1.14062493
1.14062497
1.14062497
1.14062499
1.14062499
1.140625
1.140625
1.14062499
1.14062499
1.14062503
1.14062503
1.14062501
1.14062501
1.14062501
1.14062501
1.14062496
1.14062496
1.121881
1.121881
1.12187507
1.12187507
1.12187503
1.12187503
1.12187502
1.12187502
1.12187499
1.12187499
1.12187498
1.12187498
1.12187497
1.12187497
1.12187496
1.12187496
1.12187499
1.12187499
1.121875
1.121875
1.12187499
1.12187499
1.12187502
1.12187502
1.12187502
1.12187502
1.12187498
1.12187498
1.12187497
1.12187497
1.12187496
1.12187496
1.12187502
1.12187502
1.12187508
1.12187508
1.12187509
1.12187509
1.12187506
1.12187506
1.12187501
1.12187501
1.12187499
1.12187499
1.12187499
1.12187499
1.121875
1.121875
1.12187502
1.12187502
1.12187503
1.12187503
1.12187503
1.12187503
1.12187502
1.12187502
1.12187502
1.12187502
1.12187502
1.12187502
1.12187502
1.12187502
1.12187503
1.12187503
1.12187501
1.12187501
1.12187501
1.12187501
1.12187501
1.12187501
1.12187501
1.12187501
1.12187502
1.12187502
1.12187502
1.12187502
1.12187503
1.12187503
1.12187502
1.12187502
1.12187501
1.12187501
1.12187501
1.12187501
1.12187501
1.12187501
1.12187501
1.12187501
1.12187501
1.12187501
1.12187502
1.12187502
1.12187503
1.12187503
1.12187502
1.12187502
1.12187502
1.12187502
1.12187502
1.12187502
1.12187502
1.12187502
1.12187501
1.12187501
1.12187501
1.12187501
1.12187502
1.12187502
1.10625012
1.10625012
1.10625002
1.10625002
1.10625002
1.10625002
1.10625001
1.10625001
1.10625001
1.10625001
1.10625001
1.10625001
1.10625001
1.10625001
1.10625001
1.10625001
1.10625001
1.10625001
1.10625001
1.10625001
1.10625001
1.10625001
1.10625001
1.10625001
1.10625005
1.10625005
1.10625002
1.10625002
1.10625002
1.10625002
1.10625002
1.10625002
1.10625001
1.10625001
1.10625001
1.10625001
1.10625002
1.10625002
1.10625001
1.10625001
1.10625001
1.10625001
1.10625001
1.10625001
1.10625001
1.10625001
1.10625001
1.10625001
1.10625001
1.10625001
1.10625002
1.10625002
1.10625001
1.10625001
1.10625001
1.10625001
1.10625012
1.10625012
1.10625001
1.10625001
1.10625002
1.10625002
1.10625001
1.10625001
1.10625001
1.10625001
1.10625001
1.10625001
1.10625001
1.10625001
1.10625001
1.10625001
1.10625002
1.10625002
1.10625001
1.10625001
1.10625001
1.10625001
1.10625001
1.10625001
1.10625001
1.10625001
1.10625001
1.10625001
1.10625001
1.10625001
1.10625001
1.10625001
1.10625002
1.10625002
1.10625002
1.10625002
1.10625001
1.10625001
1.10625002
1.10625002
1.10625002
1.10625002
1.10625001
1.10625001
1.10625001
1.10625001
1.10625001
1.10625001
1.10625002
1.10625002
1.10625002
1.10625002
1.10625002
1.10625002
1.10625002
1.10625002
1.10625001
1.10625001
1.10625001
1.10625001
1.10625001
1.10625001
1.10625002
1.10625002
1.10625002
1.10625002
1.10625002
1.10625002
1.10625002
1.10625002
1.10625002
1.10625002
1.10625002
1.10625002
1.10625001
1.10625001
1.10625001
1.10625001
1.10625002
1.10625002
1.10625001
1.10625001
1.10625001
1.10625001
1.10625002
1.10625002
1.10625002
1.10625002
1.10625002
1.10625002
1.10625001
1.10625001
1.10625001
1.10625001
1.10625001
1.10625001
1.10625002
1.10625002
1.10625001
1.10625001
1.10625002
1.10625002
1.10625001
1.10625001
1.10625002
1.10625002
1.10625002
1.10625002
1.10625002
1.10625002
1.10625001
1.10625001
1.10625001
1.10625001
1.10625002
1.10625002
1.10625002
1.10625002
1.10625001
1.10625001
1.10625001
1.10625001
1.10625001
1.10625001
1.10625002
1.10625002
1.10625002
1.10625002
1.10625002
1.10625002
1.10625002
1.10625002
1.10625001
1.10625001
1.10625001
1.10625001
1.10625002
1.10625002
1.10625002
1.10625002
1.10625002
1.10625002
1.10625002
1.10625002
1.10625002
1.10625002
1.10625002
1.10625002
1.10625002
1.10625002
1.10625002
1.10625002
1.10625001
1.10625001
1.10625002
1.10625002
1.10625002
1.10625002
1.10625002
1.10625002
1.10625002
1.10625002
1.10625002
1.10625002
1.10625001
1.10625001
1.10625002
1.10625002
1.10625002
1.10625002
1.10625002
1.10625002
1.10625002
1.10625002
1.10625002
1.10625002
1.10625001
1.10625001
1.10625002
1.10625002
1.10625002
1.10625002
1.10625002
1.10625002
1.10625001
1.10625001
1.10625001
1.10625001
1.10625002
1.10625002
1.10625001
1.10625001
1.10625001
1.10625001
1.10625002
1.10625002
1.10625002
1.10625002
1.10625001
1.10625001
1.10625002
1.10625002
1.10625002
1.10625002
1.10625002
1.10625002
1.10625001
1.10625001
1.10625001
1.10625001
1.10625002
1.10625002
1.10625001
1.10625001
1.10625002
1.10625002
1.10625002
1.10625002
1.10625002
1.10625002
1.10625001
1.10625001
1.10625001
1.10625001
1.10625002
1.10625002
1.10625002
1.10625002
1.10625002
1.10625002
1.10625001
1.10625001
1.10625001
1.10625001
1.10625001
1.10625001
1.10625002
1.10625002
1.10625001
1.10625001
1.10625001
1.10625001
1.10625001
1.10625001
1.10625001
1.10625001
1.10625001
1.10625001
1.10625001
1.10625001
1.10625001
1.10625001
1.10625002
1.10625002
1.10625001
1.10625001
1.10625001
1.10625001
1.10625002
1.10625002
1.10625001
1.10625001
1.10625003
1.10625003
1.10625002
1.10625002
1.10625002
1.10625002
1.10625002
1.10625002
1.10625002
1.10625002
1.10625001
1.10625001
1.10625001
1.10625001
1.10625001
1.10625001
1.10625002
1.10625002
1.10625003
1.10625003
1.10625002
1.10625002
1.10625002
1.10625002
1.10625002
1.10625002
1.10625001
1.10625001
1.10625001
1.10625001
1.10625002
1.10625002
1.10625002
1.10625002
1.10625002
1.10625002
1.10625002
1.10625002
1.10625002
1.10625002
1.10625002
1.10625002
1.10625001
1.10625001
1.10625001
1.10625001
1.10625002
1.10625002
1.10625002
1.10625002
1.10625001
1.10625001
1.10625002
1.10625002
1.10625002
1.10625002
1.10625002
1.10625002
1.10625002
1.10625002
1.10625002
1.10625002
1.10625002
1.10625002
1.10625002
1.10625002
1.10625002
1.10625002
1.10625002
1.10625002
1.10625002
1.10625002
1.10625002
1.10625002
1.10625002
1.10625002
1.10625002
1.10625002
1.10625002
1.10625002
1.10625002
1.10625002
1.10625002
1.10625002
1.10625001
1.10625001
1.10625001
1.10625001
1.10625001
1.10625001
1.10625001
1.10625001
1.10625001
1.10625001
1.10625001
1.10625001
1.10625001
1.10625001
1.10625001
1.10625001
1.10625001
1.10625001
1.10625001
1.10625001
1.10625002
1.10625002
1.10625004
1.10625004
1.10625002
1.10625002
1.10625002
1.10625002
1.10625002
1.10625002
1.10625001
1.10625001
1.10625002
1.10625002
1.10625002
1.10625002
1.10625002
1.10625002
1.10625001
1.10625001
1.10625001
1.10625001
1.10625002
1.10625002
1.10625002
1.10625002
1.10625002
1.10625002
1.10625001
1.10625001
1.10625001
1.10625001
1.10625002
1.10625002
1.10625002
1.10625002
1.10625002
1.10625002
1.10625002
1.10625002
1.10625001
1.10625001
1.10625002
1.10625002
1.10625001
1.10625001
1.10625001
1.10625001
1.10625002
1.10625002
1.10625001
1.10625001
1.10625001
1.10625001
1.10625001
1.10625001
1.10625002
1.10625002
1.10625001
1.10625001
1.10625002
1.10625002
1.10625001
1.10625001
1.10625002
1.10625002
1.10625001
1.10625001
1.10625002
1.10625002
1.10625001
1.10625001
1.10625002
1.10625002
1.10625002
1.10625002
1.10625001
1.10625001
1.10625001
1.10625001
1.10625001
1.10625001
1.10625001
1.10625001
1.10625001
1.10625001
1.10625002
1.10625002
1.10625001
1.10625001
1.10625001
1.10625001
1.10625001
1.10625001
1.10625004
1.10625004
1.10625001
1.10625001
1.1062501
1.1062501
1.10625002
1.10625002
1.10625002
1.10625002
1.10625001
1.10625001
1.10625001
1.10625001
1.10625001
1.10625001
1.10625002
1.10625002
1.10625001
1.10625001
1.10625002
1.10625002
1.10625001
1.10625001
1.10625001
1.10625001
1.10625001
1.10625001
1.10625001
1.10625001
1.10625002
1.10625002
1.10625002
1.10625002
1.10625002
1.10625002
1.10625002
1.10625002
1.10625001
1.10625001
1.10625002
1.10625002
1.10625002
1.10625002
1.10625002
1.10625002
1.10625001
1.10625001
1.10625002
1.10625002
1.10625002
1.10625002
1.10625001
1.10625001
1.10625002
1.10625002
1.10625002
1.10625002
1.10625002
1.10625002
1.10625001
1.10625001
1.10625002
1.10625002
1.10625001
1.10625001
1.10625002
1.10625002
1.10625001
1.10625001
1.10625001
1.10625001
1.10625002
1.10625002
1.10625001
1.10625001
1.10625001
1.10625001
1.10625001
1.10625001
1.10625001
1.10625001
1.10625001
1.10625001
1.10625002
1.10625002
1.10625001
1.10625001
1.10625001
1.10625001
1.10625001
1.10625001
1.10625001
1.10625001
1.10625002
1.10625002
1.10625001
1.10625001
1.10625002
1.10625002
1.10625002
1.10625002
1.10625001
1.10625001
1.10625001
1.10625001
1.10625001
1.10625001
1.10625001
1.10625001
1.10625008
1.10625008
1.10625002
1.10625002
1.10625002
1.10625002
1.10625001
1.10625001
1.10625001
1.10625001
1.10625001
1.10625001
1.10625003
1.10625003
1.10625002
1.10625002
1.10625001
1.10625001
1.10625001
1.10625001
1.10625001
1.10625001
1.10625001
1.10625001
1.10625001
1.10625001
1.10625004
1.10625004
1.10625002
1.10625002
1.10625001
1.10625001
1.10625001
1.10625001
1.10625001
1.10625001
1.10625001
1.10625001
1.10625002
1.10625002
1.10625002
1.10625002
1.10625001
1.10625001
1.10625001
1.10625001
1.10625001
1.10625001
1.10625001
1.10625001
1.10625001
1.10625001
1.10625001
1.10625001
1.10625001
1.10625001
1.10625001
1.10625001
1.10625002
1.10625002
1.10625001
1.10625001
1.10625001
1.10625001
1.10625005
1.10625005
1.10625002
1.10625002
1.10625002
1.10625002
1.10625001
1.10625001
1.10625002
1.10625002
1.10625002
1.10625002
1.10625001
1.10625001
1.10625002
1.10625002
1.10625002
1.10625002
1.10625001
1.10625001
1.10625002
1.10625002
1.10625001
1.10625001
1.10625001
1.10625001
1.10625001
1.10625001
1.10625001
1.10625001
1.10625002
1.10625002
1.10625002
1.10625002
1.10625002
1.10625002
1.10625002
1.10625002
1.10625002
1.10625002
1.10625002
1.10625002
1.10625001
1.10625001
1.10625002
1.10625002
1.10625001
1.10625001
1.10625002
1.10625002
1.10625002
1.10625002
1.10625002
1.10625002
1.10625001
1.10625001
1.10625001
1.10625001
1.10625001
1.10625001
1.10625002
1.10625002
1.10625002
1.10625002
1.10625002
1.10625002
1.10625001
1.10625001
1.10625002
1.10625002
1.10625002
1.10625002
1.10625001
1.10625001
1.10625001
1.10625001
1.10625001
1.10625001
1.10625001
1.10625001
1.10625001
1.10625001
1.10625001
1.10625001
1.10625001
1.10625001
1.10625001
1.10625001
1.10625001
1.10625001
1.10625002
1.10625002
1.10625001
1.10625001
1.10625003
1.10625003
1.10625001
1.10625001
1.10625002
1.10625002
1.10625001
1.10625001
1.10625001
1.10625001
1.10625001
1.10625001
1.10625001
1.10625001
1.10625002
1.10625002
1.10625002
1.10625002
1.10625001
1.10625001
1.10625002
1.10625002
1.10625002
1.10625002
1.10625001
1.10625001
1.10625002
1.10625002
1.10625001
1.10625001
1.10625002
1.10625002
1.10625001
1.10625001
1.10625001
1.10625001
1.10625002
1.10625002
1.10625002
1.10625002
1.10625001
1.10625001
1.10625002
1.10625002
1.10625002
1.10625002
1.10625001
1.10625001
1.10625002
1.10625002
1.10625002
1.10625002
1.10625001
1.10625001
1.10625002
1.10625002
1.10625002
1.10625002
1.10625002
1.10625002
1.10625002
1.10625002
1.10625001
1.10625001
1.10625001
1.10625001
1.10625002
1.10625002
1.10625001
1.10625001
1.10625002
1.10625002
1.10625002
1.10625002
1.10625001
1.10625001
1.10625001
1.10625001
1.10625002
1.10625002
1.10625002
1.10625002
1.10625002
1.10625002
1.10625001
1.10625001
1.10625001
1.10625001
1.10625002
1.10625002
1.10625002
1.10625002
1.10625002
1.10625002
1.10625001
1.10625001
1.10625001
1.10625001
1.10625001
1.10625001
1.10625002
1.10625002
1.10625001
1.10625001
1.10625001
1.10625001
1.10625002
1.10625002
1.10625001
1.10625001
1.10625002
1.10625002
1.10625001
1.10625001
1.10625002
1.10625002
1.10625001
1.10625001
1.10625001
1.10625001
1.10625002
1.10625002
1.10625001
1.10625001
1.10625001
1.10625001
1.10625001
1.10625001
1.10625001
1.10625001
1.10625001
1.10625001
1.10625001
1.10625001
1.10625002
1.10625002
1.10625002
1.10625002
1.10625001
1.10625001
1.10625002
1.10625002
1.10625002
1.10625002
1.10625001
1.10625001
1.10625002
1.10625002
1.10625001
1.10625001
1.10625001
1.10625001
1.10625002
1.10625002
1.10625002
1.10625002
1.10625001
1.10625001
1.10625002
1.10625002
1.10625001
1.10625001
1.10625002
1.10625002
1.10625001
1.10625001
1.10625002
1.10625002
1.10625001
1.10625001
1.10625002
1.10625002
1.10625001
1.10625001
1.10625002
1.10625002
1.10625002
1.10625002
1.10625001
1.10625001
1.10625001
1.10625001
1.10625001
1.10625001
1.10625002
1.10625002
1.10625002
1.10625002
1.10625002
1.10625002
1.10625002
1.10625002
1.10625001
1.10625001
1.10625001
1.10625001
1.10625001
1.10625001
1.10625002
1.10625002
1.10625002
1.10625002
1.10625
1.10625
1.10624999
1.10624999
1.10624996
1.10624996
1.10624994
1.10624994
1.10624998
1.10624998
1.10624993
1.10624993
1.10624995
1.10624995
1.10624996
1.10624996
1.10624996
1.10624996
1.10624997
1.10624997
1.10624998
1.10624998
1.10624997
1.10624997
1.10625001
1.10625001
1.10625002
1.10625002
1.10625003
1.10625003
1.10625003
1.10625003
1.10625001
1.10625001
1.10624999
1.10624999
1.10624999
1.10624999
1.10624995
1.10624995
1.10625
1.10625
1.10625
1.10625
1.10624999
1.10624999
1.10624997
1.10624997
1.10625002
1.10625002
1.10624999
1.10624999
1.10625
1.10625
1.10624993
1.10624993
1.10625
1.10625
1.10624994
1.10624994
1.10624996
1.10624996
1.10624992
1.10624992
1.10624996
1.10624996
1.10625001
1.10625001
1.10624996
1.10624996
1.10624995
1.10624995
1.10624996
1.10624996
1.10624995
1.10624995
1.10624996
1.10624996
1.10625002
1.10625002
1.10625002
1.10625002
1.10624992
1.10624992
1.10625001
1.10625001
1.10624997
1.10624997
1.10624999
1.10624999
1.10624999
1.10624999
1.10624998
1.10624998
1.10625
1.10625
1.10625
1.10625
1.10624998
1.10624998
1.10624999
1.10624999
1.10624993
1.10624993
1.10624996
1.10624996
1.10624999
1.10624999
1.10624991
1.10624991
1.10624994
1.10624994
1.10624998
1.10624998
1.10624996
1.10624996
1.10624998
1.10624998
1.10624995
1.10624995
1.10624999
1.10624999
1.10624989
1.10624989
1.10624993
1.10624993
1.10624997
1.10624997
1.10625008
1.10625008
1.10624997
1.10624997
1.10624999
1.10624999
1.10624998
1.10624998
1.10624997
1.10624997
1.10624997
1.10624997
1.10625
1.10625
1.10624989
1.10624989
1.10624995
1.10624995
1.10624999
1.10624999
1.10624997
1.10624997
1.10624994
1.10624994
1.10624996
1.10624996
1.10625001
1.10625001
1.10624997
1.10624997
1.10624999
1.10624999
1.10624995
1.10624995
1.10625001
1.10625001
1.10624994
1.10624994
1.10000003
1.10000003
1.0999999
1.0999999
1.09999998
1.09999998
1.09999993
1.09999993
1.09999994
1.09999994
1.10000001
1.10000001
1.09999995
1.09999995
1.10000003
1.10000003
1.10000002
1.10000002
1.09999997
1.09999997
1.09999993
1.09999993
1.09999998
1.09999998
1.09999989
1.09999989
1.09999996
1.09999996
1.09999998
1.09999998
1.09999997
1.09999997
1.09999998
1.09999998
1.09999994
1.09999994
1.09999998
1.09999998
1.09999992
1.09999992
1.09999993
1.09999993
1.09999992
1.09999992
1.09999992
1.09999992
1.09999992
1.09999992
1.09999997
1.09999997
1.1
1.1
1.09999997
1.09999997
1.09999999
1.09999999
1.09999997
1.09999997
1.09999999
1.09999999
1.09999994
1.09999994
1.10000003
1.10000003
1.0999999
1.0999999
1.09999995
1.09999995
1.09999997
1.09999997
1.10000004
1.10000004
1.10000002
1.10000002
1.1
1.1
1.09999999
1.09999999
1.09999994
1.09999994
1.09999998
1.09999998
1.09999994
1.09999994
1.09999994
1.09999994
1.09999996
1.09999996
1.09999997
1.09999997
1.09999999
1.09999999
1.09999995
1.09999995
1.09999998
1.09999998
1.09999999
1.09999999
1.09999995
1.09999995
1.09999999
1.09999999
1.09999989
1.09999989
1.09999997
1.09999997
1.09999998
1.09999998
1.09999999
1.09999999
1.09999999
1.09999999
1.09999998
1.09999998
1.09999998
1.09999998
1.09999998
1.09999998
1.09999996
1.09999996
1.07500551
1.07500551
1.07499996
1.07499996
1.07499995
1.07499995
1.07499996
1.07499996
1.07499999
1.07499999
1.07499995
1.07499995
1.07499993
1.07499993
1.07499997
1.07499997
1.07499996
1.07499996
1.07499997
1.07499997
1.075
1.075
1.07499992
1.07499992
1.07499999
1.07499999
1.07499999
1.07499999
1.07500005
1.07500005
1.0749999
1.0749999
1.075
1.075
1.07499998
1.07499998
1.07499997
1.07499997
1.07500003
1.07500003
1.07499997
1.07499997
1.07500001
1.07500001
1.07499996
1.07499996
1.07500001
1.07500001
1.07499996
1.07499996
1.07499999
1.07499999
1.07499996
1.07499996
1.07499996
1.07499996
1.07499993
1.07499993
1.075
1.075
1.07499996
1.07499996
1.07499996
1.07499996
1.075
1.075
1.07499998
1.07499998
1.07499999
1.07499999
1.07499995
1.07499995
1.07499997
1.07499997
1.07499992
1.07499992
1.07499998
1.07499998
1.07499994
1.07499994
1.07499991
1.07499991
1.07499992
1.07499992
1.07499994
1.07499994
1.07499997
1.07499997
1.07499997
1.07499997
1.07499997
1.07499997
1.07499993
1.07499993
1.07500002
1.07500002
1.07499997
1.07499997
1.07500001
1.07500001
1.07499999
1.07499999
1.075
1.075
1.07499998
1.07499998
1.07500002
1.07500002
1.07499999
1.07499999
1.07499994
1.07499994
1.075
1.075
1.07499957
1.07499957
1.07499995
1.07499995
1.07499998
1.07499998
1.07499997
1.07499997
1.07499997
1.07499997
1.07499995
1.07499995
1.04687465
1.04687465
1.04687502
1.04687502
1.04687495
1.04687495
1.04687501
1.04687501
1.04687496
1.04687496
1.04687492
1.04687492
1.04687497
1.04687497
1.04687496
1.04687496
1.04687492
1.04687492
1.046875
1.046875
1.04687486
1.04687486
1.04687493
1.04687493
1.0468749
1.0468749
1.04687498
1.04687498
1.046875
1.046875
1.04687495
1.04687495
1.04687504
1.04687504
1.04687497
1.04687497
1.04687502
1.04687502
1.04687498
1.04687498
1.04687501
1.04687501
1.04687495
1.04687495
1.04687502
1.04687502
1.04687496
1.04687496
1.04687504
1.04687504
1.04687493
1.04687493
1.04687497
1.04687497
1.04687495
1.04687495
1.04687497
1.04687497
1.04687491
1.04687491
1.04687495
1.04687495
1.04687493
1.04687493
1.04687502
1.04687502
1.04687491
1.04687491
1.04687497
1.04687497
1.04687492
1.04687492
1.04687499
1.04687499
1.04687492
1.04687492
1.04687498
1.04687498
1.04687494
1.04687494
1.04687498
1.04687498
1.04687499
1.04687499
1.04687503
1.04687503
1.04687501
1.04687501
1.04687496
1.04687496
1.046875
1.046875
1.04687485
1.04687485
1.04687494
1.04687494
1.04687495
1.04687495
1.01875537
1.01875537
1.01875002
1.01875002
1.01874995
1.01874995
1.01874999
1.01874999
1.01874997
1.01874997
1.01874996
1.01874996
1.01874999
1.01874999
1.01874996
1.01874996
1.01874998
1.01874998
1.01874999
1.01874999
1.01874989
1.01874989
1.01875002
1.01875002
1.01874999
1.01874999
1.01874993
1.01874993
1.01875001
1.01875001
1.01874996
1.01874996
1.01874996
1.01874996
1.01874995
1.01874995
1.01874995
1.01874995
1.01874997
1.01874997
1.01874992
1.01874992
1.01874996
1.01874996
1.01874993
1.01874993
1.01874994
1.01874994
1.01874997
1.01874997
1.01874993
1.01874993
1.0187499
1.0187499
1.01875001
1.01875001
1.01874991
1.01874991
1.01875
1.01875
1.01874996
1.01874996
1.01875004
1.01875004
1.01874995
1.01874995
1.01875
1.01875
1.0187499
1.0187499
1.01874998
1.01874998
1.01874997
1.01874997
1.01874992
1.01874992
1.01874993
1.01874993
1.01874996
1.01874996
1.01874996
1.01874996
1.01874999
1.01874999
1.01874994
1.01874994
1.01875001
1.01875001
1.01874998
1.01874998
1.01874997
1.01874997
1.01875003
1.01875003
1.01875
1.01875
1.01875007
1.01875007
1.01874996
1.01874996
1.01875008
1.01875008
1.01875004
1.01875004
1.01874999
1.01874999
1.01874997
1.01874997
1.01874995
1.01874995
1.01874993
1.01874993
1.01874994
1.01874994
1.01874986
1.01874986
1.01874983
1.01874983
1.01874995
1.01874995
1.01874991
1.01874991
1.01875001
1.01875001
1.01874996
1.01874996
1.01874996
1.01874996
1.01874998
1.01874998
1.01874997
1.01874997
1.01874996
1.01874996
1.01874999
1.01874999
1.01874997
1.01874997
1.01874999
1.01874999
1.01875003
1.01875003
1.01875003
1.01875003
1.01875003
1.01875003
1.01875
1.01875
1.01875001
1.01875001
1.01875003
1.01875003
1.01875004
1.01875004
1.01875002
1.01875002
1.01875001
1.01875001
1.01875004
1.01875004
1.01875005
1.01875005
1.01875002
1.01875002
1.01875003
1.01875003
1.01875001
1.01875001
1.01875
1.01875
1.01874999
1.01874999
1.01874999
1.01874999
1.01874999
1.01874999
1.01874999
1.01874999
1.01874999
1.01874999
1.01875001
1.01875001
1.01875001
1.01875001
1.01875002
1.01875002
1.01875002
1.01875002
1.01875002
1.01875002
1.01875004
1.01875004
1.01875001
1.01875001
1.01875002
1.01875002
1.01875
1.01875
1.01874999
1.01874999
1.01874999
1.01874999
1.01874997
1.01874997
1.01874999
1.01874999
0.98437522
0.98437522
0.9843752
0.9843752
0.98437505
0.98437505
0.98437501
0.98437501
0.98437498
0.98437498
0.98437498
0.98437498
0.98437498
0.98437498
0.98437499
0.98437499
0.984375
0.984375
0.98437502
0.98437502
0.98437504
0.98437504
0.98437504
0.98437504
0.98437504
0.98437504
0.98437503
0.98437503
0.98437499
0.98437499
0.984375
0.984375
0.98437502
0.98437502
0.98437502
0.98437502
0.98437502
0.98437502
0.98437501
0.98437501
0.98437501
0.98437501
0.98437501
0.98437501
0.98437501
0.98437501
0.98437501
0.98437501
0.98437502
0.98437502
0.98437502
0.98437502
0.98437502
0.98437502
0.98437503
0.98437503
0.98437501
0.98437501
0.98437502
0.98437502
0.98437502
0.98437502
0.98437502
0.98437502
0.98437502
0.98437502
0.98437501
0.98437501
0.98437501
0.98437501
0.98437501
0.98437501
0.98437501
0.98437501
0.98437501
0.98437501
0.98437502
0.98437502
0.98437501
0.98437501
0.98437502
0.98437502
0.98437501
0.98437501
0.98437503
0.98437503
0.98437501
0.98437501
0.98437501
0.98437501
0.98437501
0.98437501
0.98437501
0.98437501
0.98437502
0.98437502
0.98437501
0.98437501
0.98437502
0.98437502
0.98437502
0.98437502
0.98437501
0.98437501
0.98437501
0.98437501
0.98437501
0.98437501
0.98437501
0.98437501
0.98437501
0.98437501
0.98437501
0.98437501
0.98437501
0.98437501
0.98437501
0.98437501
0.98437501
0.98437501
0.98437501
0.98437501
0.98437501
0.98437501
0.98437502
0.98437502
0.95000558
0.95000558
0.95000004
0.95000004
0.95000001
0.95000001
0.95000001
0.95000001
0.95000002
0.95000002
0.95000001
0.95000001
0.95000001
0.95000001
0.95000001
0.95000001
0.95000001
0.95000001
0.95000002
0.95000002
0.95000001
0.95000001
0.95000001
0.95000001
0.95000001
0.95000001
0.95000001
0.95000001
0.95000001
0.95000001
0.95000001
0.95000001
0.95000001
0.95000001
0.95000001
0.95000001
0.95000002
0.95000002
0.95000001
0.95000001
0.95000001
0.95000001
0.95000001
0.95000001
0.95000001
0.95000001
0.95000001
0.95000001
0.95000001
0.95000001
0.95000002
0.95000002
0.95000001
0.95000001
0.95000001
0.95000001
0.95000001
0.95000001
0.95000001
0.95000001
0.95000002
0.95000002
0.95000001
0.95000001
0.95000001
0.95000001
0.95000001
0.95000001
0.95000001
0.95000001
0.95000001
0.95000001
0.95000001
0.95000001
0.95000001
0.95000001
0.95000001
0.95000001
0.95000002
0.95000002
0.95000001
0.95000001
0.95000001
0.95000001
0.95000001
0.95000001
0.95000001
0.95000001
0.95000001
0.95000001
0.95000001
0.95000001
0.95000001
0.95000001
0.95000002
0.95000002
0.95000001
0.95000001
0.95000002
0.95000002
0.95000001
0.95000001
0.95000001
0.95000001
0.95000001
0.95000001
0.95000002
0.95000002
0.95000001
0.95000001
0.95000001
0.95000001
0.95000001
0.95000001
0.95000001
0.95000001
0.95000001
0.95000001
0.95000002
0.95000002
0.95000001
0.95000001
0.95000001
0.95000001
0.95000001
0.95000001
0.95000002
0.95000002
0.95000001
0.95000001
0.95000001
0.95000001
0.95000001
0.95000001
0.95000001
0.95000001
0.95000001
0.95000001
0.95000001
0.95000001
0.95000001
0.95000001
0.95000001
0.95000001
0.95000002
0.95000002
0.95000001
0.95000001
0.95000001
0.95000001
0.95000001
0.95000001
0.95000001
0.95000001
0.95000002
0.95000002
0.95000001
0.95000001
0.95000002
0.95000002
0.95000001
0.95000001
0.95000001
0.95000001
0.95000002
0.95000002
0.95000001
0.95000001
0.95000001
0.95000001
0.95000001
0.95000001
0.95000002
0.95000002
0.95000001
0.95000001
0.95000001
0.95000001
0.95000001
0.95000001
0.95000001
0.95000001
0.95000001
0.95000001
0.95000001
0.95000001
0.95000001
0.95000001
0.95000002
0.95000002
0.95000001
0.95000001
0.95000001
0.95000001
0.95000002
0.95000002
0.95000002
0.95000002
0.95000001
0.95000001
0.95000001
0.95000001
0.95000001
0.95000001
0.95000002
0.95000002
0.95000002
0.95000002
0.95000001
0.95000001
0.95000001
0.95000001
0.95000001
0.95000001
0.95000001
0.95000001
0.95000001
0.95000001
0.95000002
0.95000002
0.95000001
0.95000001
0.95000001
0.95000001
0.95000001
0.95000001
0.95000002
0.95000002
0.95000001
0.95000001
0.95000001
0.95000001
0.95000001
0.95000001
0.95000002
0.95000002
0.95000001
0.95000001
0.95000002
0.95000002
0.95000001
0.95000001
0.95000001
0.95000001
0.95000001
0.95000001
0.95000002
0.95000002
0.95000001
0.95000001
0.95000001
0.95000001
0.95000001
0.95000001
0.95000002
0.95000002
0.95000002
0.95000002
0.95000002
0.95000002
0.95000002
0.95000002
0.95000001
0.95000001
0.95000001
0.95000001
0.95000001
0.95000001
0.95000001
0.95000001
0.95000001
0.95000001
0.95000001
0.95000001
0.95000002
0.95000002
0.95000001
0.95000001
0.95000002
0.95000002
0.95000001
0.95000001
0.95000001
0.95000001
0.95000002
0.95000002
0.95000001
0.95000001
0.95000001
0.95000001
0.95000002
0.95000002
0.95000001
0.95000001
0.95000002
0.95000002
0.95000001
0.95000001
0.95000002
0.95000002
0.95000002
0.95000002
0.95000001
0.95000001
0.95000001
0.95000001
0.95000001
0.95000001
0.95000001
0.95000001
0.95000001
0.95000001
0.95000002
0.95000002
0.95000001
0.95000001
0.95000002
0.95000002
0.95000002
0.95000002
0.95000001
0.95000001
0.95000001
0.95000001
0.95000002
0.95000002
0.95000001
0.95000001
0.95000001
0.95000001
0.95000002
0.95000002
0.95000001
0.95000001
0.95000001
0.95000001
0.95000001
0.95000001
0.95000001
0.95000001
0.95000001
0.95000001
0.95000002
0.95000002
0.95000002
0.95000002
0.95000001
0.95000001
0.95000001
0.95000001
0.95000001
0.95000001
0.95000001
0.95000001
0.95000001
0.95000001
0.95000001
0.95000001
0.95000002
0.95000002
0.95000001
0.95000001
0.95000002
0.95000002
0.95000001
0.95000001
0.95000001
0.95000001
0.95000001
0.95000001
0.95000001
0.95000001
0.95000002
0.95000002
0.95000001
0.95000001
0.95000002
0.95000002
0.95000002
0.95000002
0.95000001
0.95000001
0.95000001
0.95000001
0.95000001
0.95000001
0.95000002
0.95000002
0.95000002
0.95000002
0.95000002
0.95000002
0.95000001
0.95000001
0.95000002
0.95000002
0.95000001
0.95000001
0.95000001
0.95000001
0.95000001
0.95000001
0.95000001
0.95000001
0.95000001
0.95000001
0.95000001
0.95000001
0.95000001
0.95000001
0.95000001
0.95000001
0.95000001
0.95000001
0.95000001
0.95000001
0.95000002
0.95000002
0.95000002
0.95000002
0.95000001
0.95000001
0.95000001
0.95000001
0.95000001
0.95000001
0.95000001
0.95000001
0.95000001
0.95000001
0.95000002
0.95000002
0.95000001
0.95000001
0.95000002
0.95000002
0.95000001
0.95000001
0.95000001
0.95000001
0.95000002
0.95000002
0.95000001
0.95000001
0.95000001
0.95000001
0.95000001
0.95000001
0.95000001
0.95000001
0.95000001
0.95000001
0.95000001
0.95000001
0.95000017
0.95000017
0.95000002
0.95000002
0.95000002
0.95000002
0.95000002
0.95000002
0.95000001
0.95000001
0.95000001
0.95000001
0.95000001
0.95000001
0.95000001
0.95000001
0.95000001
0.95000001
0.95000002
0.95000002
0.95000001
0.95000001
0.95000001
0.95000001
0.95000002
0.95000002
0.95000001
0.95000001
0.95000001
0.95000001
0.95000001
0.95000001
0.95000001
0.95000001
0.95000002
0.95000002
0.95000001
0.95000001
0.95000001
0.95000001
0.95000001
0.95000001
0.95000001
0.95000001
0.95000001
0.95000001
0.95000001
0.95000001
0.95000001
0.95000001
0.95000001
0.95000001
0.95000001
0.95000001
0.9500001
0.9500001
0.95000001
0.95000001
0.95000002
0.95000002
0.95000001
0.95000001
0.95000001
0.95000001
0.95000002
0.95000002
0.95000001
0.95000001
0.95000001
0.95000001
0.95000001
0.95000001
0.95000002
0.95000002
0.95000001
0.95000001
0.95000001
0.95000001
0.95000001
0.95000001
0.95000001
0.95000001
0.95000001
0.95000001
0.95000001
0.95000001
0.95000001
0.95000001
0.95000002
0.95000002
0.95000002
0.95000002
0.95000002
0.95000002
0.95000001
0.95000001
0.95000001
0.95000001
0.95000002
0.95000002
0.95000001
0.95000001
0.95000001
0.95000001
0.95000001
0.95000001
0.95000001
0.95000001
0.95000002
0.95000002
0.95000002
0.95000002
0.95000001
0.95000001
0.95000001
0.95000001
0.95000002
0.95000002
0.95000003
0.95000003
0.95000001
0.95000001
0.95000002
0.95000002
0.94999992
0.94999992
0.94999994
0.94999994
0.94999989
0.94999989
0.94999985
0.94999985
0.94999984
0.94999984
0.94999986
0.94999986
0.9499999
0.9499999
0.94999997
0.94999997
0.94999995
0.94999995
0.94999997
0.94999997
0.94999999
0.94999999
0.95
0.95
0.95000002
0.95000002
0.94999999
0.94999999
0.95000004
0.95000004
0.94999998
0.94999998
0.95000003
0.95000003
0.94999991
0.94999991
0.94999999
0.94999999
0.94999994
0.94999994
0.94999999
0.94999999
0.95000001
0.95000001
0.95000002
0.95000002
0.95000006
0.95000006
0.94999991
0.94999991
0.94999992
0.94999992
0.95000003
0.95000003
0.94999997
0.94999997
0.95000011
0.95000011
0.94999995
0.94999995
0.94999994
0.94999994
0.94999998
0.94999998
0.94999997
0.94999997
0.95000002
0.95000002
0.94999993
0.94999993
0.94999999
0.94999999
0.94999996
0.94999996
0.94999994
0.94999994
0.94999998
0.94999998
0.94999997
0.94999997
0.95
0.95
0.94999999
0.94999999
0.95
0.95
0.94999998
0.94999998
0.95000002
0.95000002
0.94999992
0.94999992
0.94999994
0.94999994
0.95000002
0.95000002
0.94999967
0.94999967
0.94999974
0.94999974
0.94999999
0.94999999
0.94999999
0.94999999
0.94999998
0.94999998
0.95
0.95
0.94999996
0.94999996
0.95000001
0.95000001
0.94999996
0.94999996
0.94999994
0.94999994
0.95
0.95
0.95000003
0.95000003
0.95000003
0.95000003
0.94999999
0.94999999
0.95000006
0.95000006
0.94999997
0.94999997
0.94999995
0.94999995
0.94999997
0.94999997
0.94999997
0.94999997
0.94999996
0.94999996
0.94999997
0.94999997
0.94999998
0.94999998
0.94999994
0.94999994
0.94999997
0.94999997
0.94999998
0.94999998
0.94999998
0.94999998
0.94999991
0.94999991
0.94999996
0.94999996
0.94999993
0.94999993
0.95
0.95
0.95000001
0.95000001
0.95000002
0.95000002
0.94999996
0.94999996
0.95000002
0.95000002
0.94999997
0.94999997
0.94999999
0.94999999
0.94999997
0.94999997
0.94999994
0.94999994
0.94999994
0.94999994
0.94999997
0.94999997
0.95000002
0.95000002
0.94999995
0.94999995
0.94999997
0.94999997
0.94999996
0.94999996
0.94999998
0.94999998
0.94999994
0.94999994
0.95000001
0.95000001
0.94999995
0.94999995
0.95000005
0.95000005
0.94999999
0.94999999
0.95000001
0.95000001
0.94999999
0.94999999
0.94999999
0.94999999
0.94999983
0.94999983
0.94999987
0.94999987
0.94999999
0.94999999
0.94999997
0.94999997
0.94999997
0.94999997
0.95
0.95
0.94999999
0.94999999
0.95
0.95
0.94999998
0.94999998
0.94999997
0.94999997
0.94999999
0.94999999
0.94999996
0.94999996
0.94999996
0.94999996
