-0.96009681
-0.96009681
-0.84659428
-0.84659428
0.36365721
0.36365721
0.41200013
0.41200013
0.39330758
0.39330758
0.38927494
0.38927494
0.38784533
0.38784533
0.38748202
0.38748202
0.38706026
0.38706026
0.38687613
0.38687613
0.38681272
0.38681272
0.38673527
0.38673527
0.38670931
0.38670931
0.3866938
0.3866938
0.38668652
0.38668652
0.38668755
0.38668755
0.38668494
0.38668494
0.38668025
0.38668025
0.38668551
0.38668551
0.38668458
0.38668458
0.38667716
0.38667716
0.38667609
0.38667609
0.38667517
0.38667517
0.38667315
0.38667315
0.57664749
0.57664749
0.57667473
0.57667473
0.57667296
0.57667296
0.57667244
0.57667244
0.57667198
0.57667198
0.57667156
0.57667156
0.57667047
0.57667047
0.57667157
0.57667157
0.57668472
0.57668472
0.75998972
0.75998972
0.76000264
0.76000264
0.76000208
0.76000208
0.76000235
0.76000235
0.76000222
0.76000222
0.76000209
0.76000209
0.76000229
0.76000229
0.76000185
0.76000185
0.76000146
0.76000146
0.7600022
0.7600022
0.7600018
0.7600018
0.76000146
0.76000146
0.76000161
0.76000161
0.76000173
0.76000173
0.76000123
0.76000123
0.76000117
0.76000117
0.76000147
0.76000147
0.76000105
0.76000105
0.76000132
0.76000132
0.76000109
0.76000109
0.76000075
0.76000075
0.76000086
0.76000086
0.76000082
0.76000082
0.76000092
0.76000092
0.76000063
0.76000063
0.76000073
0.76000073
0.76000616
0.76000616
0.76000053
0.76000053
0.76000036
0.76000036
0.76000069
0.76000069
0.7600004
0.7600004
0.76000045
0.76000045
0.76000037
0.76000037
0.76000059
0.76000059
0.76000034
0.76000034
0.76000044
0.76000044
0.76000047
0.76000047
0.7600004
0.7600004
0.76000034
0.76000034
0.76000023
0.76000023
0.76000036
0.76000036
0.76000031
0.76000031
0.76000034
0.76000034
0.76000024
0.76000024
0.76000024
0.76000024
0.76000031
0.76000031
0.76000022
0.76000022
0.76000032
0.76000032
0.76000024
0.76000024
0.7600002
0.7600002
0.76000016
0.76000016
0.76000025
0.76000025
0.76000019
0.76000019
0.76000024
0.76000024
0.76000026
0.76000026
0.76000017
0.76000017
0.76000016
0.76000016
0.76000021
0.76000021
0.76000023
0.76000023
0.76000015
0.76000015
0.76000015
0.76000015
0.76000019
0.76000019
0.76000016
0.76000016
0.76000016
0.76000016
0.76000011
0.76000011
0.76000017
0.76000017
0.76000012
0.76000012
0.76000016
0.76000016
0.76000018
0.76000018
0.76000011
0.76000011
0.76000011
0.76000011
0.76000011
0.76000011
0.76000009
0.76000009
0.7600001
0.7600001
0.7600001
0.7600001
0.7600001
0.7600001
0.76000011
0.76000011
0.76000016
0.76000016
0.76000014
0.76000014
0.76000009
0.76000009
0.76000009
0.76000009
0.76000007
0.76000007
0.76000008
0.76000008
0.76000007
0.76000007
0.7600001
0.7600001
0.76000008
0.76000008
0.76000008
0.76000008
0.7600001
0.7600001
0.76000009
0.76000009
0.76000006
0.76000006
0.76000007
0.76000007
0.76000006
0.76000006
0.76000007
0.76000007
0.76000007
0.76000007
0.76000007
0.76000007
0.76000008
0.76000008
0.76000008
0.76000008
0.76000007
0.76000007
0.76000006
0.76000006
0.76000005
0.76000005
0.76000006
0.76000006
0.76000006
0.76000006
0.76000005
0.76000005
0.76000007
0.76000007
0.76000006
0.76000006
0.76000008
0.76000008
0.76000005
0.76000005
0.76000007
0.76000007
0.76000006
0.76000006
0.76000008
0.76000008
0.76000006
0.76000006
0.76000006
0.76000006
0.76000006
0.76000006
0.76000006
0.76000006
0.76000005
0.76000005
0.76000004
0.76000004
0.76000004
0.76000004
0.76000004
0.76000004
0.76000004
0.76000004
0.76000004
0.76000004
0.76000005
0.76000005
0.76000004
0.76000004
0.76000005
0.76000005
0.76000004
0.76000004
0.76000003
0.76000003
0.76000004
0.76000004
0.7600001
0.7600001
0.76000004
0.76000004
0.76000005
0.76000005
0.76000005
0.76000005
0.76000005
0.76000005
0.76000003
0.76000003
0.76000003
0.76000003
0.76000003
0.76000003
0.76000004
0.76000004
0.76000005
0.76000005
0.76000003
0.76000003
0.76000003
0.76000003
0.76000003
0.76000003
0.76000003
0.76000003
0.76000003
0.76000003
0.76000003
0.76000003
0.76000003
0.76000003
0.76000004
0.76000004
0.76000003
0.76000003
0.76000003
0.76000003
0.76000002
0.76000002
0.76000003
0.76000003
0.76000002
0.76000002
0.76000003
0.76000003
0.76000003
0.76000003
0.76000002
0.76000002
0.76000003
0.76000003
0.76000002
0.76000002
0.76000003
0.76000003
0.76000003
0.76000003
0.76000002
0.76000002
0.76000002
0.76000002
0.76000002
0.76000002
0.76000003
0.76000003
0.76000003
0.76000003
0.76000002
0.76000002
0.76000002
0.76000002
0.76000002
0.76000002
0.76000002
0.76000002
0.76000005
0.76000005
0.76000002
0.76000002
0.76000003
0.76000003
0.76000002
0.76000002
0.76000003
0.76000003
0.76000002
0.76000002
0.76000002
0.76000002
0.76000002
0.76000002
0.76000002
0.76000002
0.76000002
0.76000002
0.76000002
0.76000002
0.76000002
0.76000002
0.76000002
0.76000002
0.76000002
0.76000002
0.76000002
0.76000002
0.76000002
0.76000002
0.76000002
0.76000002
0.76000002
0.76000002
0.76000002
0.76000002
0.76000002
0.76000002
0.76000002
0.76000002
0.76000002
0.76000002
0.76000001
0.76000001
0.76000002
0.76000002
0.76000002
0.76000002
0.76000001
0.76000001
0.76000002
0.76000002
0.76000002
0.76000002
0.76000002
0.76000002
0.76000002
0.76000002
0.76000001
0.76000001
0.76000002
0.76000002
0.76000002
0.76000002
0.76000001
0.76000001
0.76000001
0.76000001
0.76000003
0.76000003
0.76000001
0.76000001
0.76000001
0.76000001
0.76000001
0.76000001
0.76000001
0.76000001
0.76000001
0.76000001
0.76000001
0.76000001
0.76000002
0.76000002
0.76000001
0.76000001
0.76000002
0.76000002
0.76000001
0.76000001
0.76000001
0.76000001
0.76000002
0.76000002
0.76000001
0.76000001
0.76000001
0.76000001
0.76000001
0.76000001
0.76000001
0.76000001
0.76000001
0.76000001
0.76000001
0.76000001
0.76000001
0.76000001
0.76000001
0.76000001
0.76000001
0.76000001
0.76000001
0.76000001
0.76000001
0.76000001
0.76000001
0.76000001
0.76000001
0.76000001
0.76000001
0.76000001
0.76000001
0.76000001
0.76000001
0.76000001
0.76000001
0.76000001
0.76000001
0.76000001
0.76000001
0.76000001
0.76000001
0.76000001
0.76000001
0.76000001
0.76000001
0.76000001
0.76000001
0.76000001
0.76000001
0.76000001
0.76000001
0.76000001
0.76000001
0.76000001
0.76000001
0.76000001
0.76000001
0.76000001
0.76000001
0.76000001
0.76000001
0.76000001
0.76000001
0.76000001
0.76000001
0.76000001
0.76000001
0.76000001
0.76000001
0.76000001
0.76000001
0.76000001
0.76000001
0.76000001
0.76000001
0.76000001
0.76000001
0.76000001
0.76000001
0.76000001
0.76000001
0.76000001
0.76000001
0.76000001
0.76000001
0.76000001
0.76000001
0.76000001
0.76000001
0.76000001
0.76000001
0.76000001
0.76000001
0.76000001
0.76000001
0.76000001
0.76000001
0.76000001
0.76000001
0.76000001
0.76000001
0.76000001
0.76000001
0.76000001
0.76000001
0.76000001
0.76000001
0.76000001
0.76000001
0.76000001
0.76000001
0.76000001
0.76000001
0.76000001
0.76000001
0.76000001
0.76000001
0.76000001
0.76000001
0.76000001
0.76000001
0.76000001
0.76000001
0.76000001
0.76000001
0.76000001
0.76000001
0.76000001
0.76000001
0.76000001
0.76
0.76
0.76000001
0.76000001
0.76000001
0.76000001
0.76000001
0.76000001
0.76000001
0.76000001
0.76000001
0.76000001
0.76000001
0.76000001
0.76000001
0.76000001
0.76
0.76
0.76000001
0.76000001
0.76
0.76
0.76000001
0.76000001
0.76000001
0.76000001
0.76000001
0.76000001
0.76000001
0.76000001
0.76000001
0.76000001
0.76000001
0.76000001
0.76
0.76
0.76
0.76
0.76
0.76
0.76
0.76
0.76000001
0.76000001
0.76000001
0.76000001
0.76
0.76
0.76
0.76
0.76
0.76
0.76
0.76
0.76000002
0.76000002
0.76
0.76
0.76000001
0.76000001
0.76000001
0.76000001
0.76000001
0.76000001
0.76000001
0.76000001
0.76
0.76
0.76
0.76
0.76000001
0.76000001
0.76000001
0.76000001
0.76
0.76
0.76
0.76
0.76000001
0.76000001
0.76
0.76
0.76
0.76
0.76
0.76
0.76
0.76
0.76
0.76
0.76
0.76
0.76
0.76
0.76
0.76
0.76
0.76
0.76
0.76
0.76
0.76
0.76
0.76
0.76
0.76
0.76
0.76
0.76
0.76
0.76
0.76
0.76
0.76
0.76
0.76
0.76
0.76
0.76
0.76
0.76000001
0.76000001
0.76
0.76
0.76
0.76
0.76
0.76
0.76
0.76
0.76
0.76
0.76
0.76
0.76
0.76
0.76
0.76
0.76
0.76
0.76
0.76
0.76
0.76
0.76
0.76
0.76
0.76
0.76
0.76
0.76
0.76
0.76
0.76
0.76
0.76
0.76
0.76
0.76
0.76
0.76
0.76
0.76
0.76
0.76
0.76
0.76
0.76
0.76
0.76
0.76
0.76
0.76
0.76
0.76
0.76
0.76
0.76
0.76
0.76
0.76
0.76
0.76
0.76
0.76
0.76
0.76
0.76
0.76
0.76
0.76
0.76
0.76
0.76
0.76
0.76
0.76
0.76
0.76
0.76
0.76
0.76
0.76
0.76
0.76
0.76
0.76
0.76
0.76
0.76
0.76
0.76
0.76
0.76
0.76
0.76
0.76
0.76
0.76
0.76
0.76
0.76
0.76
0.76
0.76
0.76
0.76
0.76
0.76
0.76
0.76
0.76
0.76
0.76
0.76
0.76
0.76
0.76
0.76
0.76
0.76
0.76
0.76
0.76
0.76
0.76
0.76
0.76
0.76
0.76
0.76
0.76
0.76
0.76
0.76
0.76
0.76
0.76
0.76
0.76
0.76
0.76
0.76
0.76
0.76
0.76
0.76
0.76
0.76
0.76
0.76
0.76
0.76
0.76
0.76
0.76
0.76
0.76
0.76
0.76
0.76
0.76
0.76
0.76
0.76
0.76
0.76
0.76
0.76
0.76
0.76
0.76
0.76
0.76
0.76
0.76
0.76
0.76
0.76
0.76
0.76
0.76
0.76
0.76
0.76
0.76
0.76
0.76
0.76
0.76
0.76
0.76
0.76
0.76
0.76
0.76
0.76
0.76
0.76
0.76
0.76
0.76
0.76
0.76
0.76
0.76
0.76
0.76
0.76
0.76
0.76
0.76
0.76
0.76
0.76
0.76
0.76
0.76
0.76
0.76
0.76
0.76
0.76
0.76
0.76
0.76
0.76
0.76
0.76
0.76
0.76
0.76
0.76
0.76
0.76
0.76
0.76
0.76
0.76
0.76
0.76
0.76
0.76
0.76
0.76
0.76
0.76
0.76
0.76
0.76
0.76
0.76
0.76
0.76
0.76
0.76
0.76
0.76
0.76
0.76
0.76
0.76
0.76
0.76
0.76
0.76
0.76
0.76
0.76
0.76
0.76000001
0.76000001
0.76
0.76
0.76
0.76
0.76
0.76
0.76
0.76
0.76
0.76
0.76
0.76
0.76
0.76
0.76
0.76
0.76
0.76
0.76
0.76
0.76
0.76
0.76
0.76
0.76
0.76
0.76
0.76
0.76
0.76
0.76
0.76
0.76000001
0.76000001
0.76
0.76
0.76
0.76
0.76
0.76
0.76
0.76
0.76
0.76
0.76
0.76
0.76
0.76
0.76
0.76
0.76
0.76
0.76
0.76
0.76
0.76
0.76
0.76
0.76
0.76
0.76
0.76
0.76
0.76
0.76
0.76
0.76
0.76
0.76
0.76
0.76
0.76
0.76
0.76
0.76
0.76
0.76
0.76
0.76
0.76
0.76
0.76
0.76
0.76
0.76
0.76
0.76
0.76
0.76
0.76
0.76
0.76
1.04666656
1.04666656
1.04666667
1.04666667
1.04666667
1.04666667
1.04666667
1.04666667
1.04666667
1.04666667
1.04666667
1.04666667
1.04666667
1.04666667
1.04666667
1.04666667
1.04666667
1.04666667
1.04666667
1.04666667
1.04666667
1.04666667
1.04666667
1.04666667
1.04666667
1.04666667
1.04666667
1.04666667
1.04666667
1.04666667
1.04666667
1.04666667
1.04666667
1.04666667
1.04666667
1.04666667
1.04666667
1.04666667
1.04666667
1.04666667
1.04666667
1.04666667
1.04666667
1.04666667
1.04666667
1.04666667
1.04666667
1.04666667
1.04666667
1.04666667
1.04666667
1.04666667
1.04666667
1.04666667
1.04666667
1.04666667
1.04666667
1.04666667
1.04666667
1.04666667
1.04666667
1.04666667
1.04666667
1.04666667
1.04666667
1.04666667
1.04666667
1.04666667
1.04666667
1.04666667
1.04666667
1.04666667
1.04666667
1.04666667
1.04666667
1.04666667
1.04666667
1.04666667
1.04666667
1.04666667
1.04666667
1.04666667
1.04666667
1.04666667
1.04666667
1.04666667
1.04666667
1.04666667
1.04666667
1.04666667
1.04666667
1.04666667
1.04666667
1.04666667
1.04666667
1.04666667
1.04666667
1.04666667
1.04666667
1.04666667
1.04666667
1.04666667
1.04666667
1.04666667
1.04666667
1.04666667
1.23999995
1.23999995
1.24
1.24
1.24
1.24
1.24
1.24
1.24
1.24
1.24
1.24
1.24
1.24
1.24
1.24
1.24
1.24
1.24
1.24
1.24
1.24
1.24
1.24
1.24
1.24
1.24
1.24
1.24
1.24
1.24
1.24
1.24
1.24
1.24
1.24
1.24
1.24
1.24
1.24
1.24
1.24
1.24
1.24
1.24
1.24
1.24
1.24
1.24
1.24
1.24
1.24
1.24
1.24
1.24
1.24
1.24
1.24
1.24
1.24
1.24
1.24
1.24
1.24
1.24
1.24
1.24
1.24
1.24
1.24
1.24
1.24
1.24
1.24
1.24
1.24
1.24
1.24
1.24
1.24
1.24
1.24
1.24
1.24
1.24
1.24
1.24
1.24
1.24
1.24
1.24
1.24
1.24
1.24
1.24
1.24
1.24
1.24
1.24
1.24
1.24
1.24
1.24
1.24
1.24
1.24
1.24
1.24
1.34666664
1.34666664
1.34666667
1.34666667
1.34666667
1.34666667
1.34666667
1.34666667
1.34666667
1.34666667
1.34666667
1.34666667
1.34666667
1.34666667
1.34666667
1.34666667
1.34666667
1.34666667
1.34666667
1.34666667
1.34666667
1.34666667
1.34666667
1.34666667
1.34666667
1.34666667
1.34666667
1.34666667
1.34666667
1.34666667
1.34666667
1.34666667
1.34666667
1.34666667
1.34666667
1.34666667
1.34666667
1.34666667
1.34666667
1.34666667
1.34666667
1.34666667
1.34666667
1.34666667
1.34666667
1.34666667
1.34666667
1.34666667
1.34666667
1.34666667
1.34666667
1.34666667
1.34666667
1.34666667
1.34666667
1.34666667
1.34666667
1.34666667
1.34666667
1.34666667
1.34666667
1.34666667
1.34666667
1.34666667
1.34666667
1.34666667
1.34666667
1.34666667
1.34666667
1.34666667
1.34666667
1.34666667
1.34666667
1.34666667
1.34666667
1.34666667
1.34666667
1.34666667
1.34666667
1.34666667
1.34666667
1.34666667
1.34666667
1.34666667
1.34666667
1.34666667
1.34666667
1.34666667
1.34666667
1.34666667
1.34666667
1.34666667
1.34666667
1.34666667
1.34666667
1.34666667
1.34666667
1.34666667
1.34666667
1.34666667
1.34666667
1.34666667
1.34666667
1.34666667
1.34666667
1.34666667
1.34666667
1.34666667
1.34666667
1.34666667
1.34666667
1.34666667
1.34666667
1.34666667
1.34666667
1.34666667
1.34666667
1.34666667
1.34666667
1.34666667
1.34666667
1.34666667
1.34666667
1.34666667
1.34666667
1.34666667
1.34666667
1.34666667
1.34666667
1.34666667
1.34666667
1.34666667
1.34666667
1.34666667
1.34666667
1.34666667
1.34666667
1.34666667
1.34666667
1.34666667
1.34666667
1.34666667
1.34666667
1.34666667
1.34666667
1.34666667
1.34666667
1.34666667
1.34666667
1.34666667
1.34666667
1.34666667
1.34666667
1.34666667
1.34666667
1.34666667
1.34666667
1.34666667
1.34666667
1.34666667
1.34666667
1.34666667
1.34666667
1.34666667
1.34666667
1.34666667
1.34666667
1.34666667
1.34666667
1.34666667
1.34666667
1.34666667
1.34666667
1.34666667
1.34666667
1.34666667
1.34666667
1.34666667
1.34666667
1.34666667
1.34666667
1.34666667
1.34666667
1.34666667
1.34666667
1.34666667
1.34666667
1.34666667
1.34666667
1.34666667
1.34666667
1.34666667
1.34666667
1.34666667
1.34666667
1.34666667
1.34666667
1.34666667
1.34666667
1.34666667
1.34666667
1.34666667
1.34666667
1.34666667
1.34666667
1.34666667
1.34666667
1.34666667
1.34666667
1.34666667
1.34666667
1.34666667
1.34666667
1.34666667
1.34666667
1.34666667
1.34666667
1.34666667
1.34666667
1.34666667
1.34666667
1.34666667
1.34666667
1.34666667
1.34666667
1.34666667
1.34666667
1.34666667
1.34666667
1.34666667
1.34666667
1.34666667
1.34666667
1.34666667
1.34666667
1.34666667
1.34666667
1.34666667
1.34666667
1.34666667
1.34666667
1.34666667
1.34666667
1.34666667
1.34666667
1.34666667
1.34666667
1.34666667
1.34666667
1.34666667
1.34666667
1.34666667
1.34666667
1.34666667
1.34666667
1.34666667
1.34666667
1.34666667
1.34666667
1.34666667
1.34666667
1.34666667
1.34666667
1.34666667
1.34666667
1.34666667
1.34666667
1.34666667
1.34666667
1.34666667
1.34666667
1.34666667
1.34666667
1.34666667
1.34666667
1.34666667
1.34666667
1.34666667
1.34666667
1.34666667
1.34666667
1.34666667
1.34666667
1.34666667
1.34666667
1.34666667
1.34666667
1.34666667
1.34666667
1.34666667
1.34666667
1.34666667
1.34666667
1.34666667
1.34666667
1.34666667
1.34666667
1.34666667
1.34666667
1.34666667
1.34666667
1.34666667
1.34666667
1.34666667
1.34666667
1.34666667
1.34666667
1.34666667
1.34666667
1.34666667
1.34666667
1.34666667
1.34666667
1.34666667
1.34666667
1.34666667
1.34666667
1.34666667
1.34666667
1.34666667
1.34666667
1.34666667
1.34666667
1.34666667
1.34666667
1.34666667
1.34666667
1.34666667
1.34666667
1.34666667
1.34666667
1.34666667
1.34666667
1.34666667
1.34666667
1.34666667
1.34666667
1.34666667
1.34666667
1.34666667
1.34666667
1.34666667
1.34666667
1.34666667
1.34666667
1.34666667
1.34666667
1.34666667
1.34666667
1.34666667
1.34666667
1.34666667
1.34666667
1.34666667
1.34666667
1.34666667
1.34666667
1.34666667
1.34666667
1.34666667
1.34666667
1.34666667
1.34666667
1.34666667
1.34666667
1.34666667
1.34666667
1.34666667
1.34666667
1.34666667
1.34666667
1.34666667
1.34666667
1.34666667
1.34666667
1.34666667
1.34666667
1.34666667
1.34666667
1.34666667
1.34666667
1.34666667
1.34666667
1.34666667
1.34666667
1.34666667
1.34666667
1.34666667
1.34666667
1.34666667
1.34666667
1.34666667
1.34666667
1.34666667
1.34666667
1.34666667
1.34666667
1.34666667
1.34666667
1.34666667
1.34666667
1.34666667
1.34666667
1.34666667
1.34666667
1.34666667
1.34666667
1.34666667
1.34666667
1.34666667
1.34666667
1.34666667
1.34666667
1.34666667
1.34666667
1.34666667
1.34666667
1.34666667
1.34666667
1.34666667
1.34666667
1.34666667
1.34666667
1.34666667
1.34666667
1.34666667
1.34666667
1.34666667
1.34666667
1.34666667
1.34666667
1.34666667
1.34666667
1.34666667
1.34666667
1.34666667
1.34666667
1.34666667
1.34666667
1.34666667
1.34666667
1.34666667
1.34666667
1.34666667
1.34666667
1.34666667
1.34666667
1.34666667
1.34666667
1.34666667
1.34666667
1.34666667
1.34666667
1.34666667
1.34666667
1.34666667
1.34666667
1.34666667
1.34666667
1.34666667
1.34666667
1.34666667
1.34666667
1.34666667
1.34666667
1.34666667
1.34666667
1.34666667
1.34666667
1.34666667
1.34666667
1.34666667
1.34666667
1.34666667
1.34666667
1.34666667
1.34666667
1.34666667
1.34666667
1.34666667
1.34666667
1.34666667
1.34666667
1.34666667
1.34666667
1.34666667
1.34666667
1.34666667
1.34666667
1.34666667
1.34666667
1.34666667
1.34666667
1.34666667
1.34666667
1.34666667
1.34666667
1.34666667
1.34666667
1.34666667
1.34666667
1.34666667
1.34666667
1.34666667
1.34666667
1.34666667
1.34666667
1.34666667
1.34666667
1.34666667
1.34666667
1.34666667
1.34666667
1.34666667
1.34666667
1.34666667
1.34666667
1.34666667
1.34666667
1.34666667
1.34666667
1.34666667
1.34666667
1.34666667
1.34666667
1.34666667
1.34666667
1.34666667
1.34666667
1.34666667
1.34666667
1.34666667
1.34666667
1.34666667
1.34666667
1.34666667
1.34666667
1.34666667
1.34666667
1.34666667
1.34666667
1.34666667
1.34666667
1.34666667
1.34666667
1.34666667
1.34666667
1.34666667
1.34666667
1.34666667
1.34666667
1.34666667
1.34666667
1.34666667
1.34666667
1.34666667
1.34666667
1.34666667
1.34666667
1.34666667
1.34666667
1.34666667
1.34666667
1.34666667
1.34666667
1.34666667
1.34666667
1.34666667
1.34666667
1.34666667
1.34666667
1.34666667
1.34666667
1.34666667
1.34666667
1.34666667
1.34666667
1.34666667
1.34666667
1.34666667
1.34666667
1.34666667
1.34666667
1.34666667
1.34666667
1.34666667
1.34666667
1.34666667
1.34666667
1.34666667
1.34666667
1.34666667
1.34666667
1.34666667
1.34666667
1.34666667
1.34666667
1.34666667
1.34666667
1.34666667
1.34666667
1.34666667
1.34666667
1.34666667
1.34666667
1.34666667
1.34666667
1.34666667
1.34666667
1.34666667
1.34666667
1.34666667
1.34666667
1.34666667
1.34666667
1.34666667
1.34666667
1.34666667
1.34666667
1.34666667
1.34666667
1.34666667
1.34666667
1.34666667
1.34666667
1.34666667
1.34666667
1.34666667
1.34666667
1.34666667
1.34666667
1.34666667
1.34666667
1.34666667
1.34666667
1.34666667
1.34666667
1.34666667
1.34666667
1.34666667
1.34666667
1.34666667
1.34666667
1.34666667
1.34666667
1.34666667
1.34666667
1.34666667
1.34666667
1.34666667
1.34666667
1.34666667
1.34666667
1.34666667
1.34666667
1.34666667
1.34666667
1.34666667
1.34666667
1.34666667
1.34666667
1.34666667
1.34666667
1.34666667
1.34666667
1.34666667
1.34666667
1.34666667
1.34666667
1.34666667
1.34666667
1.34666667
1.34666667
1.34666667
1.34666667
1.34666667
1.34666667
1.34666667
1.34666667
1.34666667
1.34666667
1.34666667
1.34666667
1.34666667
1.34666667
1.34666667
1.34666667
1.34666667
1.34666667
1.34666667
1.34666667
1.34666667
1.34666667
1.34666667
1.34666667
1.34666667
1.34666667
1.34666667
1.34666667
1.34666667
1.34666667
1.34666667
1.34666667
1.34666667
1.34666667
1.34666667
1.34666667
1.34666667
1.34666667
1.34666667
1.34666667
1.34666667
1.34666667
1.34666667
1.34666667
1.34666667
1.34666667
1.34666667
1.34666667
1.34666667
1.34666667
1.34666667
1.34666667
1.34666667
1.34666667
1.34666667
1.34666667
1.34666667
1.34666667
1.34666667
1.34666667
1.34666667
1.34666667
1.34666667
1.34666667
1.34666667
1.34666667
1.34666667
1.34666667
1.34666667
1.34666667
1.34666667
1.34666667
1.34666667
1.34666667
1.34666667
1.34666667
1.34666667
1.34666667
1.34666667
1.34666667
1.34666667
1.34666667
1.34666667
1.34666667
1.34666667
1.34666667
1.34666667
1.34666667
1.34666667
1.34666667
1.34666667
1.34666667
1.34666667
1.34666667
1.34666667
1.34666667
1.34666667
1.34666667
1.34666667
1.34666667
1.34666667
1.34666667
1.34666667
1.34666667
1.34666667
1.34666667
1.34666667
1.34666667
1.34666667
1.34666667
1.34666667
1.34666667
1.34666667
1.34666667
1.34666667
1.34666667
1.34666667
1.34666667
1.34666667
1.34666667
1.34666667
1.34666667
1.34666667
1.34666667
1.34666667
1.34666667
1.34666667
1.34666667
1.34666667
1.34666667
1.34666667
1.34666667
1.34666667
1.34666667
1.34666667
1.34666667
1.34666667
1.34666667
1.34666667
1.34666667
1.34666667
1.34666667
1.34666667
1.34666667
1.34666667
1.34666667
1.34666667
1.34666667
1.34666667
1.34666667
1.34666667
1.34666667
1.34666667
1.34666667
1.34666667
1.34666667
1.34666667
1.34666667
1.34666667
1.34666667
1.34666667
1.34666667
1.34666667
1.34666667
1.34666667
1.34666667
1.34666667
1.34666667
1.34666667
1.34666667
1.34666667
1.34666667
1.34666667
1.34666667
1.34666667
1.34666667
1.34666667
1.34666667
1.34666667
1.34666667
1.34666667
1.34666667
1.34666667
1.34666667
1.34666667
1.34666667
1.34666667
1.34666667
1.34666667
1.34666667
1.34666667
1.34666667
1.34666667
1.34666667
1.34666667
1.34666667
1.34666667
1.34666667
1.34666667
1.34666667
1.34666667
1.34666667
1.34666667
1.34666667
1.34666667
1.34666667
1.34666667
1.34666667
1.34666667
1.34666667
1.34666667
1.34666667
1.34666667
1.34666667
1.34666667
1.34666667
1.34666667
1.34666667
1.34666667
1.34666667
1.34666667
1.34666667
1.34666667
1.34666667
1.34666667
1.34666667
1.34666667
1.34666667
1.34666667
1.34666667
1.34666667
1.34666667
1.34666667
1.34666667
1.34666667
1.34666667
1.34666667
1.34666667
1.34666667
1.34666667
1.34666667
1.34666667
1.34666667
1.34666667
1.34666667
1.34666667
1.34666667
1.34666667
1.34666667
1.34666667
1.34666667
1.34666667
1.34666667
1.34666667
1.34666667
1.34666667
1.34666667
1.34666667
1.34666667
1.34666667
1.34666667
1.34666667
1.34666667
1.34666667
1.34666667
1.34666667
1.34666667
1.34666667
1.34666667
1.34666667
1.34666667
1.34666667
1.34666667
1.34666667
1.34666667
1.34666667
1.34666667
1.34666667
1.34666667
1.34666667
1.34666667
1.34666667
1.34666667
1.34666667
1.34666667
1.34666667
1.34666667
1.34666667
1.34666667
1.34666667
1.34666667
1.34666667
1.34666667
1.34666667
1.34666667
1.34666667
1.34666667
1.34666667
1.34666667
1.34666667
1.34666667
1.34666667
1.34666667
1.34666667
1.34666667
1.34666667
1.34666667
1.34666667
1.34666667
1.34666667
1.34666667
1.34666667
1.34666667
1.34666667
1.34666667
1.34666667
1.34666667
1.34666667
1.34666667
1.34666667
1.34666667
1.34666667
1.34666667
1.34666667
1.34666667
1.34666667
1.34666667
1.34666667
1.34666667
1.34666667
1.34666667
1.34666667
1.34666667
1.34666667
1.34666667
1.34666667
1.34666667
1.34666667
1.34666667
1.34666667
1.34666667
1.34666667
1.34666667
1.34666667
1.34666667
1.34666667
1.34666667
1.34666667
1.34666667
1.34666667
1.34666667
1.34666667
1.34666667
1.34666667
1.34666667
1.34666667
1.34666667
1.34666667
1.34666667
1.34666667
1.34666667
1.34666667
1.34666667
1.34666667
1.34666667
1.34666667
1.34666667
1.34666667
1.34666667
1.34666667
1.34666667
1.34666667
1.34666667
1.34666667
1.34666667
1.34666667
1.34666667
1.34666667
1.34666667
1.34666667
1.34666667
1.34666667
1.34666667
1.34666667
1.34666667
1.34666667
1.34666667
1.34666667
1.34666667
1.34666667
1.34666667
1.34666667
1.34666667
1.34666667
1.34666667
1.34666667
1.34666667
1.34666667
1.34666667
1.34666667
1.34666667
1.34666667
1.34666667
1.34666667
1.34666667
1.34666667
1.34666667
1.34666667
1.34666667
1.34666667
1.34666667
1.34666667
1.34666667
1.34666667
1.34666667
1.34666667
1.34666667
1.34666667
1.34666667
1.34666667
1.34666667
1.34666667
1.34666667
1.34666667
1.34666667
1.34666667
1.34666667
1.34666667
1.34666667
1.34666667
1.34666667
1.34666667
1.34666667
1.34666667
1.34666667
1.34666667
1.34666667
1.34666667
1.34666667
1.34666667
1.34666667
1.34666667
1.34666667
1.34666667
1.34666667
1.34666667
1.34666667
1.34666667
1.34666667
1.34666667
1.34666667
1.34666667
1.34666667
1.34666667
1.34666667
1.34666667
1.34666667
1.34666667
1.34666667
1.34666667
1.34666667
1.34666667
1.34666667
1.34666667
1.34666667
1.34666667
1.34666667
1.34666667
1.34666667
1.34666667
1.34666667
1.34666667
1.34666667
1.34666667
1.34666667
1.34666667
1.34666667
1.34666667
1.34666667
1.34666667
1.34666667
1.4
1.4
1.4
1.4
1.4
1.4
1.4
1.4
1.4
1.4
1.4
1.4
1.4
1.4
1.4
1.4
1.4
1.4
1.4
1.4
1.4
1.4
1.4
1.4
1.4
1.4
1.4
1.4
1.4
1.4
1.4
1.4
1.4
1.4
1.4
1.4
1.4
1.4
1.4
1.4
1.4
1.4
1.4
1.4
1.4
1.4
1.4
1.4
1.4
1.4
1.4
1.4
1.4
1.4
1.4
1.4
1.4
1.4
1.4
1.4
1.4
1.4
1.4
1.4
1.4
1.4
1.4
1.4
1.4
1.4
1.4
1.4
1.4
1.4
1.4
1.4
1.4
1.4
1.4
1.4
1.4
1.4
1.4
1.4
1.4
1.4
1.4
1.4
1.4
1.4
1.4
1.4
1.4
1.4
1.4
1.4
1.4
1.4
1.4
1.4
1.4
1.4
1.4
1.4
1.4
1.4
1.4
1.4
1.4
1.4
1.4
1.4
1.4
1.4
1.4
1.4
1.4
1.4
1.4
1.4
1.58666675
1.58666675
1.58666667
1.58666667
1.58666667
1.58666667
1.58666667
1.58666667
1.58666667
1.58666667
1.58666667
1.58666667
1.58666667
1.58666667
1.58666667
1.58666667
1.58666667
1.58666667
1.58666667
1.58666667
1.58666667
1.58666667
1.58666667
1.58666667
1.58666667
1.58666667
1.58666667
1.58666667
1.58666667
1.58666667
1.58666667
1.58666667
1.58666667
1.58666667
1.58666667
1.58666667
1.58666667
1.58666667
1.58666667
1.58666667
1.58666667
1.58666667
1.58666667
1.58666667
1.58666667
1.58666667
1.58666667
1.58666667
1.58666667
1.58666667
1.58666667
1.58666667
1.58666667
1.58666667
1.58666667
1.58666667
1.58666667
1.58666667
1.58666667
1.58666667
1.58666667
1.58666667
1.58666667
1.58666667
1.58666667
1.58666667
1.58666667
1.58666667
1.58666667
1.58666667
1.58666667
1.58666667
1.58666667
1.58666667
1.58666667
1.58666667
1.58666667
1.58666667
1.58666667
1.58666667
1.58666667
1.58666667
1.58666667
1.58666667
1.58666667
1.58666667
1.58666667
1.58666667
1.58666667
1.58666667
1.58666667
1.58666667
1.58666667
1.58666667
1.58666667
1.58666667
1.58666667
1.58666667
1.58666667
1.58666667
1.58666667
1.58666667
1.58666667
1.58666667
1.58666667
1.58666667
1.58666667
1.58666667
1.58666667
1.58666667
1.58666667
1.58666667
1.58666667
1.58666667
1.58666666
1.58666666
1.58666667
1.58666667
1.58666667
1.58666667
1.58666667
1.58666667
1.58666667
1.58666667
1.58666667
1.58666667
1.77333332
1.77333332
1.77333333
1.77333333
1.77333333
1.77333333
1.77333333
1.77333333
1.77333333
1.77333333
1.77333333
1.77333333
1.77333333
1.77333333
1.77333333
1.77333333
1.77333333
1.77333333
1.77333333
1.77333333
1.77333333
1.77333333
1.77333333
1.77333333
1.77333333
1.77333333
1.77333333
1.77333333
1.77333333
1.77333333
1.77333333
1.77333333
1.77333333
1.77333333
1.77333333
1.77333333
1.77333333
1.77333333
1.77333333
1.77333333
1.77333333
1.77333333
1.77333333
1.77333333
1.77333333
1.77333333
1.77333333
1.77333333
1.77333333
1.77333333
1.77333333
1.77333333
1.77333333
1.77333333
1.77333333
1.77333333
1.77333333
1.77333333
1.77333333
1.77333333
1.77333333
1.77333333
1.77333333
1.77333333
1.77333333
1.77333333
1.77333333
1.77333333
1.77333333
1.77333333
1.77333333
1.77333333
1.77333333
1.77333333
1.77333333
1.77333333
1.77333333
1.77333333
1.77333333
1.77333333
1.77333333
1.77333333
1.77333333
1.77333333
1.77333333
1.77333333
1.77333333
1.77333333
1.77333333
1.77333333
1.77333333
1.77333333
1.77333333
1.77333333
1.77333333
1.77333333
1.77333333
1.77333333
1.95333343
1.95333343
1.95333333
1.95333333
1.95333333
1.95333333
1.95333333
1.95333333
1.95333333
1.95333333
1.95333333
1.95333333
1.95333333
1.95333333
1.95333333
1.95333333
1.95333333
1.95333333
1.95333333
1.95333333
1.95333333
1.95333333
1.95333333
1.95333333
1.95333333
1.95333333
1.95333333
1.95333333
1.95333333
1.95333333
1.95333333
1.95333333
1.95333333
1.95333333
1.95333333
1.95333333
1.95333333
1.95333333
1.95333333
1.95333333
1.95333333
1.95333333
1.95333333
1.95333333
1.95333333
1.95333333
1.95333333
1.95333333
1.95333333
1.95333333
1.95333333
1.95333333
1.95333333
1.95333333
1.95333333
1.95333333
1.95333333
1.95333333
1.95333333
1.95333333
1.95333333
1.95333333
1.95333333
1.95333333
1.95333333
1.95333333
1.95333333
1.95333333
1.95333333
1.95333333
1.95333333
1.95333333
1.95333333
1.95333333
1.95333333
1.95333333
1.95333333
1.95333333
1.95333333
1.95333333
1.95333333
1.95333333
1.95333333
1.95333333
1.95333333
1.95333333
1.95333333
1.95333333
1.95333333
1.95333333
1.95333333
1.95333333
1.95333333
1.95333333
1.95333333
1.95333333
1.95333334
1.95333334
1.95333333
1.95333333
1.95333334
1.95333334
1.95333333
1.95333333
1.95333333
1.95333333
1.95333333
1.95333333
1.95333333
1.95333333
1.95333333
1.95333333
1.95333333
1.95333333
1.95333333
1.95333333
1.95333333
1.95333333
1.95333333
1.95333333
1.95333333
1.95333333
1.95333333
1.95333333
1.95333333
1.95333333
1.95333333
1.95333333
1.95333333
1.95333333
1.95333333
1.95333333
1.95333333
1.95333333
1.95333333
1.95333333
1.95333333
1.95333333
1.95333333
1.95333333
1.95333333
1.95333333
1.95333333
1.95333333
1.95333333
1.95333333
1.95333333
1.95333333
1.95333333
1.95333333
1.95333333
1.95333333
1.95333333
1.95333333
1.95333333
1.95333333
1.95333333
1.95333333
1.95333333
1.95333333
1.95333333
1.95333333
1.95333333
1.95333333
1.95333333
1.95333333
1.95333333
1.95333333
1.95333333
1.95333333
1.95333333
1.95333333
1.95333333
1.95333333
1.95333333
1.95333333
1.95333333
1.95333333
1.95333333
1.95333333
1.95333333
1.95333333
1.95333333
1.95333333
1.95333333
1.95333333
1.95333333
1.95333333
1.95333333
1.95333333
1.95333333
1.95333333
1.95333333
1.95333333
1.95333333
1.95333333
1.95333333
1.95333333
1.95333333
1.95333333
1.95333333
1.95333333
1.95333333
1.95333333
1.95333333
1.95333333
2.13333333
2.13333333
2.13333334
2.13333334
2.13333333
2.13333333
2.13333333
2.13333333
2.13333333
2.13333333
2.13333333
2.13333333
2.13333333
2.13333333
2.13333333
2.13333333
2.13333333
2.13333333
2.13333333
2.13333333
2.13333333
2.13333333
2.13333333
2.13333333
2.13333333
2.13333333
2.13333333
2.13333333
2.13333333
2.13333333
2.13333333
2.13333333
2.13333333
2.13333333
2.13333333
2.13333333
2.13333333
2.13333333
2.13333333
2.13333333
2.13333333
2.13333333
2.13333333
2.13333333
2.13333333
2.13333333
2.13333333
2.13333333
2.13333333
2.13333333
2.13333333
2.13333333
2.13333333
2.13333333
2.13333333
2.13333333
2.13333333
2.13333333
2.13333333
2.13333333
2.13333333
2.13333333
2.13333333
2.13333333
2.13333333
2.13333333
2.13333333
2.13333333
2.13333333
2.13333333
2.13333333
2.13333333
2.13333333
2.13333333
2.13333333
2.13333333
2.13333333
2.13333333
2.13333333
2.13333333
2.13333333
2.13333333
2.13333333
2.13333333
2.13333333
2.13333333
2.13333333
2.13333333
2.13333333
2.13333333
2.13333333
2.13333333
2.13333333
2.13333333
2.13333333
2.13333333
2.13333333
2.13333333
2.13333333
2.13333333
2.13333333
2.13333333
2.13333333
2.13333333
2.13333333
2.13333333
2.13333333
2.13333333
2.13333333
2.13333333
2.13333333
2.13333333
2.13333333
2.13333333
2.13333333
2.13333333
2.13333333
2.13333333
2.13333333
2.13333333
2.13333333
2.13333333
2.13333333
2.13333333
2.13333333
2.13333333
2.32000015
2.32000015
2.32
2.32
2.32
2.32
2.32
2.32
2.32
2.32
2.32
2.32
2.32
2.32
2.32
2.32
2.32
2.32
2.32
2.32
2.32
2.32
2.32
2.32
2.32
2.32
2.32
2.32
2.32
2.32
2.32
2.32
2.32
2.32
2.32
2.32
2.32
2.32
2.32
2.32
2.32
2.32
2.32
2.32
2.32
2.32
2.32
2.32
2.32
2.32
2.32
2.32
2.32
2.32
2.32
2.32
2.32
2.32
2.32
2.32
2.32
2.32
2.32
2.32
2.32
2.32
2.32
2.32
2.32
2.32
2.32
2.32
2.32
2.32
2.32
2.32
2.32
2.32
2.32
2.32
2.32
2.32
2.32
2.32
2.32
2.32
2.32
2.32
2.32
2.32
2.32
2.32
2.32
2.32
2.32
2.32
2.32
2.32
2.32
2.32
2.32
2.32
2.32
2.32
2.32
2.32
2.32
2.32
2.32
2.32
2.32
2.32
2.32
2.32
2.32
2.32
2.32
2.32
2.32
2.32
2.32
2.32
2.32
2.32
2.32
2.32
2.32
2.32
2.32
2.32
2.32
2.32
2.32
2.32
2.32
2.32
2.32
2.32
2.32
2.32
2.32
2.32
2.32
2.32
2.32
2.32
2.32
2.32
2.32
2.32
2.32
2.32
2.32
2.32
2.32
2.32
2.32
2.32
2.32
2.32
2.32
2.32
2.32
2.32
2.32
2.32
2.32
2.32
2.32
2.32
2.32
2.32
2.32
2.32
2.32
2.32
2.32
2.32
2.32
2.32
2.32
2.32
2.32
2.32
2.32
2.32
2.32
2.32
2.32
2.32
2.32
2.32
2.32
2.32
2.32
2.32
2.32
2.32
2.32
2.32
2.32
2.32
2.32
2.32
2.32
2.32
2.32
2.32
2.32
2.32
2.32
2.32
2.32
2.32
2.32
2.32
2.32
2.32
2.32
2.32
2.32
2.32
2.32
2.32
2.32
2.32
2.32
2.32
2.32
2.32
2.32
2.32
2.32
2.32
2.32
2.32
2.32
2.32
2.32
2.32
2.32
2.32
2.32
2.32
2.32
2.32
2.32
2.32
2.32
2.32
2.32
2.32
2.32
2.32
2.32
2.32
2.32
2.32
2.32
2.32
2.32
2.32
2.32
2.32
2.32
2.32
2.32
2.32
2.32
2.32
2.32
2.32
2.32
2.32
2.32
2.32
2.32
2.32
2.32
2.32
2.32
2.32
2.32
2.32
2.32
2.32
2.32
2.32
2.32
2.32
2.32
2.32
2.32
2.32
2.32
2.32
2.32
2.32
2.32
2.32
2.32
2.32
2.32
2.32
2.32
2.32
2.32
2.32
2.32
2.32
2.32
2.32
2.32
2.32
2.32
2.32
2.32
2.32
2.32
2.32
2.32
2.32
2.32
2.32
2.32
2.32
2.32
2.32
2.32
2.32
2.32
2.32
2.32
2.32
2.32
2.32
2.32
2.32
2.32
2.32
2.32
2.32
2.32
2.32
2.32
2.32
2.32
2.32
2.32
2.32
2.32
2.32
2.32
2.32
2.32
2.32
2.32
2.32
2.32
2.32
2.32
2.32
2.32
2.32
2.32
2.32
2.32
2.32
2.32
2.32
2.32
2.32
2.32
2.32
2.32
2.32
2.32
2.32
2.32
2.32
2.32
2.32
2.32
2.32
2.32
2.32
2.32
2.32
2.32
2.32
2.32
2.32
2.32
2.32
2.32
2.32
2.32
2.32
2.32
2.32
2.32
2.32
2.32
2.32
2.32
2.32
2.32
2.32
2.32
2.32
2.32
2.32
2.32
2.32
2.32
2.32
2.32
2.32
2.32
2.32
2.32
2.32
2.32
2.32
2.32
2.32
2.32
2.32
2.32
2.32
2.32
2.32
2.32
2.32
2.32
2.32
2.32
2.32
2.32
2.32
2.32
2.32
2.32
2.32
2.32
2.32
2.32
2.32
2.32
2.32
2.32
2.32
2.32
2.32
2.32000001
2.32000001
2.32
2.32
2.32
2.32
2.32
2.32
2.32
2.32
2.32
2.32
2.32
2.32
2.32
2.32
2.32
2.32
2.32
2.32
2.32
2.32
2.32
2.32
2.32
2.32
2.32
2.32
2.32
2.32
2.32
2.32
2.32
2.32
2.32
2.32
2.32
2.32
2.32
2.32
2.32
2.32
2.32
2.32
2.32
2.32
2.32
2.32
2.32
2.32
2.32
2.32
2.32
2.32
2.32
2.32
2.32
2.32
2.32
2.32
2.32
2.32
2.32
2.32
2.32
2.32
2.32
2.32
2.32
2.32
2.32
2.32
2.32
2.32
2.32
2.32
2.32
2.32
2.32
2.32
2.32
2.32
2.32
2.32
2.32
2.32
2.32
2.32
2.32
2.32
2.32
2.32
2.32
2.32
2.32
2.32
2.32
2.32
2.32
2.32
2.32
2.32
2.32
2.32
2.32
2.32
2.32
2.32
2.32
2.32
2.32
2.32
2.32
2.32
2.32
2.32
2.32
2.32
2.32
2.32
2.32
2.32
2.32
2.32
2.32
2.32
2.32
2.32
2.32
2.32
2.31999999
2.31999999
2.31999999
2.31999999
2.31999999
2.31999999
2.32
2.32
2.32
2.32
2.32
2.32
2.32
2.32
2.32
2.32
2.32
2.32
2.32
2.32
2.32
2.32
2.32
2.32
2.32
2.32
2.32
2.32
2.32
2.32
2.32
2.32
2.32
2.32
2.32
2.32
2.32
2.32
2.32
2.32
2.32
2.32
2.32
2.32
2.32
2.32
2.32
2.32
2.32
2.32
2.32
2.32
2.32
2.32
2.32
2.32
2.32
2.32
2.32
2.32
2.32
2.32
2.32
2.32
2.32
2.32
2.32
2.32
2.32
2.32
2.32
2.32
2.32
2.32
2.32
2.32
2.32
2.32
2.32
2.32
2.32
2.32
2.32
2.32
2.32
2.32
2.32
2.32
2.32
2.32
2.31999999
2.31999999
2.31999999
2.31999999
2.32
2.32
2.32
2.32
2.32
2.32
2.32
2.32
2.32
2.32
2.32
2.32
2.32
2.32
2.32
2.32
2.32
2.32
2.32
2.32
2.32
2.32
2.32
2.32
2.32
2.32
2.32
2.32
2.32
2.32
2.32
2.32
2.32
2.32
2.32
2.32
2.32
2.32
2.32
2.32
2.32
2.32
2.32
2.32
2.32
2.32
2.32
2.32
2.32
2.32
2.32
2.32
2.32
2.32
2.32
2.32
2.32
2.32
2.32
2.32
2.32
2.32
2.32
2.32
2.32
2.32
2.32
2.32
2.32
2.32
2.32
2.32
2.32
2.32
2.32
2.32
2.32
2.32
2.32
2.32
2.32
2.32
2.32
2.32
2.32
2.32
2.32
2.32
2.32
2.32
2.32
2.32
2.32
2.32
2.32
2.32
2.32
2.32
2.32
2.32
2.32
2.32
2.31999999
2.31999999
2.31999999
2.31999999
2.32
2.32
2.32
2.32
2.32
2.32
2.32
2.32
2.32
2.32
2.32
2.32
2.32
2.32
2.32
2.32
2.32
2.32
2.32
2.32
2.32
