0.01
0.353333333333
0.353333333333
0.353333333333
0.353333333333
0.353333333333
0.353333333333
0.353333333333
0.353333333333
0.496666666667
0.67
0.67
0.67
0.67
0.676666666667
1.10666666667
1.51
1.16333333333
0.01
0.386666666667
0.386666666667
0.386666666667
0.386666666667
0.386666666667
0.386666666667
0.386666666667
0.386666666667
0.386666666667
0.386666666667
0.386666666667
0.386666666667
0.386666666667
0.386666666667
0.386666666667
0.386666666667
0.6
0.676666666667
0.676666666667
0.676666666667
0.806666666667
1.13
1.13
1.13
1.13
