0.00666666666667
1.74
1.74
1.74
1.74
1.74
1.74
1.88
1.74333333333
1.78
1.84
1.76333333333
1.76333333333
1.89333333333
1.72666666667
1.85
1.52666666667
1.73333333333
0.00666666666667
1.68333333333
1.68333333333
1.68333333333
1.68333333333
1.68333333333
1.68333333333
1.68333333333
1.68333333333
1.68333333333
1.68333333333
1.68333333333
1.68666666667
1.68333333333
1.74333333333
1.84666666667
1.67333333333
1.67666666667
1.75333333333
1.82333333333
1.7
1.72333333333
1.72333333333
1.83666666667
1.76333333333
1.71333333333
