-0.0464523
-0.0020972
0.0018161
0.0036565
0.0055042
0.0076949
0.008681
0.0077722
0.0073775
0.0049751
0.003238
0.0017373
0.0009915
-2.38e-05
-0.0005691
-0.0007481
-0.0007184
-0.0006006
-0.0006072
-0.0002485
-0.0003345
-0.0002055
-0.0001392
-2.33e-05
-7.41e-05
-5.3e-06
-0.0007452
-7.11e-05
-7.6e-06
-1.2e-06
-4e-07
-4e-07
0.0
-1.2e-06
-8e-07
-3e-07
-6e-07
-4e-07
2e-07
-5e-07
-1.1e-06
-8e-07
-5e-07
-7e-07
-1.5e-06
-6e-07
-4e-07
-1.1e-06
-1.3e-06
-1.9e-06
-0.0
-1.1e-06
-2.6e-06
-9e-07
-1e-07
-1.1e-06
-1.5e-06
-2.1e-06
-1.8e-06
-1e-06
-7e-07
-1.2e-06
-2e-07
-1.1e-06
-3e-07
-5e-07
-9e-07
0.0
-1e-06
0.0179065
0.0016916
0.0001585
1.4e-05
9e-07
-1.3e-06
-7e-07
-3e-07
-5e-07
-6e-07
-2e-07
-1e-06
-1.2e-06
-2e-07
-8e-07
-1.7e-06
-8e-07
-8e-07
-7e-07
-1e-07
-7e-07
-9e-07
-1e-06
-1.3e-06
-1.7e-06
0.0
-1e-07
-1.7e-06
-1e-06
-3e-07
-5e-07
-1.8e-06
-4e-07
-1.2e-06
-1e-06
-1.1e-06
-6e-07
-1.2e-06
-2e-07
-1.1e-06
-6e-07
-1e-07
-8e-07
-7e-07
-0.0
-9e-07
-1e-06
