0.11279701
0.10584054
0.10014013
0.09089898
0.07774258
0.06008071
0.04109765
0.02485878
0.00964963
9.363e-05
-0.00604442
-0.00914741
-0.01092852
-0.01053593
-0.00916843
-0.00754257
-0.00604171
-0.00480927
-0.00351732
-0.00309088
-0.00235112
-0.00194458
-0.00166433
-0.00164206
-0.00146549
-0.00152107
-2.09e-06
-2.5e-07
-2e-07
-1.6e-07
-1.9e-07
-1.6e-07
-1.6e-07
-1.9e-07
-1.6e-07
-2.2e-07
-1.9e-07
-2.2e-07
-2.1e-07
-2.1e-07
-2.4e-07
-1.8e-07
-2.1e-07
-2.6e-07
-1.7e-07
-2.3e-07
-1.7e-07
-2e-07
-2.5e-07
-2.2e-07
-1.7e-07
-2.2e-07
-1.9e-07
-1.4e-07
-2.1e-07
-1.6e-07
-1.8e-07
-1.6e-07
-2.1e-07
-1.6e-07
-1.5e-07
-1.8e-07
-1.5e-07
-2e-07
-1.5e-07
-1.7e-07
-1.5e-07
-2e-07
-1.7e-07
0.90627814
0.90625151
0.90625
0.90624986
0.90624985
0.90624982
0.90624982
0.90624985
0.90624985
0.90624979
0.90624985
0.90624979
0.90624985
0.90624982
0.90624985
0.90624983
0.90624983
0.90624986
0.90624983
0.9062498
0.9062498
0.90624981
0.90624983
0.90624978
0.90624981
0.90624986
0.90624979
0.90624984
0.90624987
0.90624987
0.90624984
0.90624984
0.90624984
0.90624982
0.90624982
0.90624982
0.90624985
0.90624985
0.90624988
0.90624985
0.9062498
0.90624985
0.90624983
0.90624986
0.90624986
0.90624988
0.90624988
