-0.86181584
-0.85110876
-0.80968496
-0.73742539
-0.63345205
-0.4933344
-0.34111584
-0.2089724
-0.08554119
-0.00574266
0.04576604
0.07247378
0.08773591
0.08562837
0.0751187
0.06212352
0.04991771
0.0397929
0.029289
0.02547093
0.01953244
0.01609346
0.01374568
0.01345735
0.01207262
0.0160918
0.00076904
7.386e-05
9.79e-06
2.94e-06
2.5e-06
2.14e-06
1.62e-06
3.23e-06
2.5e-06
2.65e-06
2.67e-06
2.71e-06
1.99e-06
2.77e-06
3.7e-06
2.8e-06
2.73e-06
3.53e-06
3.44e-06
3.16e-06
2.28e-06
3.26e-06
4.1e-06
4.29e-06
1.79e-06
3.54e-06
4.7e-06
2.43e-06
2.49e-06
2.86e-06
3.58e-06
3.84e-06
4.08e-06
2.71e-06
2.41e-06
3.18e-06
1.91e-06
3.34e-06
2e-06
2.45e-06
2.5e-06
2.11e-06
2.87e-06
0.36841371
0.38495675
0.38650788
0.38665418
0.38666743
0.38666999
0.38666939
0.38666863
0.38666881
0.38666959
0.38666858
0.38667002
0.38666953
0.38666885
0.38666914
0.38667031
0.38666936
0.38666904
0.38666928
0.38666899
0.38666958
0.3866698
0.38666957
0.38667045
0.38667048
0.38666814
0.38666916
0.38667019
0.38666918
0.38666845
0.38666895
0.38667024
0.38666883
0.38666992
0.38666965
0.38666974
0.38666896
0.38666955
0.38666828
0.38666942
0.38666949
0.38666844
0.3866694
0.38666905
0.38666832
0.38666898
0.38666899
