-0.0066532
-0.0066532
1.7964352
1.7964352
1.8057011
1.8057011
1.8400987
1.8400987
1.840153
1.840153
1.8400068
1.8400068
1.8078606
1.8078606
1.8397281
1.8397281
1.8399157
1.8399157
1.8399055
1.8399055
1.8398965
1.8398965
1.8078022
1.8078022
1.8075754
1.8075754
1.8075707
1.8075707
1.7584347
1.7584347
1.8392066
1.8392066
0.8867353
0.8867353
-1.584894
-1.584894
-1.6011406
-1.6011406
-1.6012016
-1.6012016
-1.6011989
-1.6011989
-1.6011848
-1.6011848
-1.6011998
-1.6011998
-1.6011998
-1.6011998
-1.6011844
-1.6011844
-1.6012181
-1.6012181
-1.6012
-1.6012
-1.6011999
-1.6011999
-1.6012493
-1.6012493
-1.601203
-1.601203
-2.0451742
-2.0451742
-2.0482595
-2.0482595
-2.0482793
-2.0482793
-2.0482806
-2.0482806
-2.04828
-2.04828
-2.0482801
-2.0482801
-2.0482792
-2.0482792
-2.0482803
-2.0482803
1.3124195
1.3124195
1.3338805
1.3338805
1.3340193
1.3340193
1.3340191
1.3340191
1.334019
1.334019
1.3340203
1.3340203
1.3340191
1.3340191
1.3340191
1.3340191
1.3340181
1.3340181
1.3340171
1.3340171
1.3340195
1.3340195
1.3340195
1.3340195
1.3340196
1.3340196
1.3340196
1.3340196
1.3340196
1.3340196
1.3340196
1.3340196
1.3340186
1.3340186
1.3340198
1.3340198
1.3340177
1.3340177
1.3340198
1.3340198
1.3340199
1.3340199
1.3340209
1.3340209
1.33402
1.33402
1.3340199
1.3340199
1.33402
1.33402
1.3340189
1.3340189
1.3340171
1.3340171
1.33402
1.33402
1.3340202
1.3340202
1.3340191
1.3340191
1.3340202
1.3340202
1.3340201
1.3340201
1.3340212
1.3340212
1.3340193
1.3340193
1.3340203
1.3340203
1.3340203
1.3340203
1.3340215
1.3340215
1.3340204
1.3340204
1.3339736
1.3339736
1.3340178
1.3340178
1.334019
1.334019
1.3340201
1.3340201
1.334021
1.334021
1.3340201
1.3340201
1.3340183
1.3340183
1.3340193
1.3340193
1.3340187
1.3340187
1.3340193
1.3340193
1.3340186
1.3340186
1.3340211
1.3340211
1.3340212
1.3340212
1.3340197
1.3340197
1.3340188
1.3340188
1.3340197
1.3340197
1.3340165
1.3340165
1.3340206
1.3340206
1.3340214
1.3340214
1.3340222
1.3340222
1.3340215
1.3340215
1.3340215
1.3340215
1.3340223
1.3340223
1.3340193
1.3340193
1.3340215
1.3340215
1.3340215
1.3340215
1.3340202
1.3340202
1.334021
1.334021
1.3340202
1.3340202
1.3340196
1.3340196
1.3340203
1.3340203
1.3340218
1.3340218
1.3340219
1.3340219
1.3340206
1.3340206
1.3340204
1.3340204
1.3340198
1.3340198
1.3340204
1.3340204
1.3340214
1.3340214
1.3340219
1.3340219
1.3340214
1.3340214
1.3340213
1.3340213
1.3340207
1.3340207
1.33402
1.33402
1.3340201
1.3340201
1.3340209
1.3340209
1.3340208
1.3340208
1.3340217
1.3340217
1.3340223
1.3340223
1.3340212
1.3340212
1.3340209
1.3340209
1.3340202
1.3340202
1.3340222
1.3340222
1.3340224
1.3340224
1.3340224
1.3340224
1.3340219
1.3340219
1.3340205
1.3340205
1.3340208
1.3340208
1.3340205
1.3340205
1.3340215
1.3340215
1.334022
1.334022
1.334023
1.334023
1.3340215
1.3340215
1.3340207
1.3340207
1.3340213
1.3340213
1.3340215
1.3340215
1.3340209
1.3340209
1.3340221
1.3340221
1.3340232
1.3340232
1.3340211
1.3340211
1.3340216
1.3340216
1.334021
1.334021
1.3340216
1.3340216
1.334021
1.334021
1.3340228
1.3340228
1.3340228
1.3340228
1.3340218
1.3340218
1.3340219
1.3340219
1.3340225
1.3340225
1.3340221
1.3340221
1.334022
1.334022
1.3340207
1.3340207
1.3340225
1.3340225
1.334023
1.334023
1.3340231
1.3340231
1.3340231
1.3340231
1.3340236
1.3340236
1.3340231
1.3340231
1.3340226
1.3340226
1.3340232
1.3340232
1.3340227
1.3340227
1.3340226
1.3340226
1.3340232
1.3340232
1.3340232
1.3340232
1.3340232
1.3340232
1.3340232
1.3340232
1.3340238
1.3340238
1.3340228
1.3340228
1.3340227
1.3340227
1.3340224
1.3340224
1.3340233
1.3340233
1.3340232
1.3340232
1.3340234
1.3340234
1.3340232
1.3340232
1.3340238
1.3340238
1.3340235
1.3340235
1.3340233
1.3340233
1.3340219
1.3340219
1.3340233
1.3340233
1.3340235
1.3340235
1.3340234
1.3340234
1.3340237
1.3340237
1.3340234
1.3340234
1.3340234
1.3340234
1.334023
1.334023
1.3340234
1.3340234
1.3340234
1.3340234
1.3340227
1.3340227
1.3340234
1.3340234
1.3340234
1.3340234
1.3340235
1.3340235
1.3340235
1.3340235
1.3340234
1.3340234
1.3340236
1.3340236
1.3340236
1.3340236
1.3340236
1.3340236
1.3340236
1.3340236
1.3340222
1.3340222
1.3340237
1.3340237
1.3340236
1.3340236
1.3340236
1.3340236
1.3340236
1.3340236
1.3340237
1.3340237
1.334024
1.334024
1.3340232
1.3340232
1.3340234
1.3340234
1.334024
1.334024
1.3340224
1.3340224
1.3340238
1.3340238
1.3340242
1.3340242
1.3340237
1.3340237
1.3340242
1.3340242
1.3340237
1.3340237
1.3340238
1.3340238
1.3340235
1.3340235
1.3340238
1.3340238
1.3340238
1.3340238
1.3340226
1.3340226
1.3340238
1.3340238
1.3340241
1.3340241
1.3340238
1.3340238
1.3340239
1.3340239
1.3340243
1.3340243
1.3340235
1.3340235
1.3340238
1.3340238
1.3340232
1.3340232
1.3340239
1.3340239
1.334024
1.334024
1.3340239
1.3340239
1.3340241
1.3340241
1.3340239
1.3340239
1.334023
1.334023
1.3340236
1.3340236
1.334024
1.334024
1.334024
1.334024
1.334024
1.334024
1.3340243
1.3340243
1.3340232
1.3340232
1.3340196
1.3340196
1.3340146
1.3340146
1.3340134
1.3340134
1.334015
1.334015
1.3340053
1.3340053
1.3340043
1.3340043
1.333997
1.333997
1.3339916
1.3339916
1.3339918
1.3339918
1.3339747
1.3339747
1.3339753
1.3339753
1.3339776
1.3339776
1.3339736
1.3339736
1.3339694
1.3339694
1.3339765
1.3339765
1.3339629
1.3339629
1.3339468
1.3339468
1.3339555
1.3339555
1.3339666
1.3339666
1.3339534
1.3339534
1.3333749
1.3333749
1.3339308
1.3339308
1.3339204
1.3339204
1.3336669
1.3336669
1.3338809
1.3338809
1.3338971
1.3338971
1.3339116
1.3339116
1.3339435
1.3339435
1.3339286
1.3339286
1.333895
1.333895
1.333909
1.333909
1.3338918
1.3338918
1.3338901
1.3338901
1.3339233
1.3339233
1.3338718
1.3338718
1.33389
1.33389
1.3339046
1.3339046
1.3338881
1.3338881
1.3338719
1.3338719
1.3339218
1.3339218
1.333908
1.333908
1.3339051
1.3339051
1.3338931
1.3338931
1.3339226
1.3339226
1.3017391
1.3017391
1.3016174
1.3016174
1.3016135
1.3016135
1.3016311
1.3016311
1.301597
1.301597
1.3016146
1.3016146
1.3016298
1.3016298
1.3015969
1.3015969
1.3016122
1.3016122
1.3015809
1.3015809
1.3015968
1.3015968
1.3016318
1.3016318
1.301614
1.301614
1.3016145
1.3016145
1.3016324
1.3016324
1.3016161
1.3016161
1.3015962
1.3015962
1.3015829
1.3015829
1.3015975
1.3015975
1.301631
1.301631
1.3015978
1.3015978
1.3016156
1.3016156
1.3016306
1.3016306
1.3016149
1.3016149
1.3015961
1.3015961
1.301598
1.301598
1.3016121
1.3016121
1.3016153
1.3016153
1.3016309
1.3016309
1.3016128
1.3016128
1.3016137
1.3016137
1.3014174
1.3014174
1.3016093
1.3016093
1.3016123
1.3016123
1.3016292
1.3016292
1.3015933
1.3015933
1.301613
1.301613
1.3013969
1.3013969
1.3015567
1.3015567
1.3016091
1.3016091
1.3015788
1.3015788
1.3016098
1.3016098
1.3015777
1.3015777
1.3016119
1.3016119
1.3015577
1.3015577
1.3015772
1.3015772
1.3015769
1.3015769
1.3015419
1.3015419
1.3015756
1.3015756
1.3015575
1.3015575
1.3015593
1.3015593
1.3016092
1.3016092
1.3015779
1.3015779
1.3015931
1.3015931
1.5688931
1.5688931
1.5706806
1.5706806
1.5707104
1.5707104
1.570692
1.570692
1.5706923
1.5706923
1.5706735
1.5706735
1.5706935
1.5706935
1.5707097
1.5707097
1.5706436
1.5706436
1.5706922
1.5706922
1.5706946
1.5706946
1.5706925
1.5706925
1.5707102
1.5707102
1.5706928
1.5706928
1.5706956
1.5706956
1.5706759
1.5706759
1.5706951
1.5706951
1.5706761
1.5706761
1.5706788
1.5706788
1.5706957
1.5706957
1.5706969
1.5706969
1.5706952
1.5706952
1.5707131
1.5707131
1.5706949
1.5706949
1.5706815
1.5706815
1.5706775
1.5706775
1.5706957
1.5706957
1.5706972
1.5706972
1.5706949
1.5706949
1.5706958
1.5706958
1.5707125
1.5707125
1.5703543
1.5703543
1.5706929
1.5706929
1.5706798
1.5706798
1.5706633
1.5706633
1.5706936
1.5706936
1.570697
1.570697
1.5706609
1.5706609
1.5706776
1.5706776
1.5706626
1.5706626
1.5706938
1.5706938
1.5706623
1.5706623
1.5706781
1.5706781
1.5706624
1.5706624
1.5706949
1.5706949
1.5706959
1.5706959
1.570678
1.570678
1.5706784
1.5706784
1.5706642
1.5706642
1.5706791
1.5706791
1.5706649
1.5706649
1.5706942
1.5706942
1.5706801
1.5706801
1.5706965
1.5706965
1.5706618
1.5706618
1.5706623
1.5706623
1.5706427
1.5706427
-2.6512047
-2.6512047
-2.6784353
-2.6784353
-2.6786132
-2.6786132
-2.6786134
-2.6786134
-2.6786145
-2.6786145
-2.6786145
-2.6786145
-2.6785959
-2.6785959
-2.6786301
-2.6786301
-2.6786466
-2.6786466
-2.6786304
-2.6786304
-2.6786168
-2.6786168
-2.678597
-2.678597
-2.6786144
-2.6786144
-2.6787923
-2.6787923
-2.67867
-2.67867
-2.6786168
-2.6786168
-2.6786455
-2.6786455
-2.6786504
-2.6786504
-2.6786639
-2.6786639
-2.6786322
-2.6786322
-2.6786143
-2.6786143
-2.6786283
-2.6786283
-2.6786447
-2.6786447
-2.678638
-2.678638
-2.6786528
-2.6786528
-2.6786025
-2.6786025
-2.6785991
-2.6785991
-2.6786218
-2.6786218
-2.6785927
-2.6785927
-2.6786118
-2.6786118
-2.678597
-2.678597
-2.6786024
-2.6786024
-2.6785872
-2.6785872
-2.6785883
-2.6785883
-2.6785764
-2.6785764
-2.6785645
-2.6785645
-2.6785755
-2.6785755
-2.6785647
-2.6785647
-2.678566
-2.678566
-2.6785509
-2.6785509
-2.6785574
-2.6785574
-2.6785498
-2.6785498
-2.6785429
-2.6785429
-2.6785437
-2.6785437
-2.678541
-2.678541
-2.6785413
-2.6785413
-2.6785344
-2.6785344
-2.6785323
-2.6785323
-2.6785269
-2.6785269
-2.6785241
-2.6785241
-2.678525
-2.678525
-2.6785191
-2.6785191
-2.6785167
-2.6785167
-2.6785133
-2.6785133
-2.67851
-2.67851
-2.6785083
-2.6785083
-2.678509
-2.678509
-2.6785092
-2.6785092
-1.7016144
-1.7016144
-1.6952275
-1.6952275
-1.6951871
-1.6951871
-1.6951881
-1.6951881
-1.6951892
-1.6951892
-1.6951894
-1.6951894
-1.6951897
-1.6951897
-1.6951895
-1.6951895
-1.695189
-1.695189
-1.6951886
-1.6951886
-1.6951886
-1.6951886
-1.695188
-1.695188
-1.695188
-1.695188
-1.6951853
-1.6951853
-1.6951877
-1.6951877
-1.6951887
-1.6951887
-1.695188
-1.695188
-1.6951884
-1.6951884
-1.6951886
-1.6951886
-1.6951883
-1.6951883
-1.6951884
-1.6951884
-1.6951874
-1.6951874
-1.6951878
-1.6951878
-1.6951874
-1.6951874
-1.6951882
-1.6951882
-1.6951885
-1.6951885
-1.6951882
-1.6951882
-1.6951885
-1.6951885
-1.6951883
-1.6951883
-1.6951882
-1.6951882
-1.6951878
-1.6951878
-1.6951882
-1.6951882
-1.6951882
-1.6951882
-1.6951882
-1.6951882
-1.6951878
-1.6951878
-1.6951879
-1.6951879
-1.6951881
-1.6951881
-1.6951882
-1.6951882
-1.6951883
-1.6951883
-1.6951882
-1.6951882
-1.6951882
-1.6951882
-1.6951881
-1.6951881
-1.6951876
-1.6951876
-1.6951881
-1.6951881
-1.6951876
-1.6951876
-1.695188
-1.695188
-1.695188
-1.695188
-1.6951883
-1.6951883
-1.6951883
-1.6951883
-1.6951884
-1.6951884
-1.6951883
-1.6951883
-1.6951877
-1.6951877
-1.6951879
-1.6951879
-1.6951875
-1.6951875
-1.6951881
-1.6951881
-1.6951877
-1.6951877
-1.6951882
-1.6951882
-1.6951882
-1.6951882
-1.6951876
-1.6951876
-1.6951876
-1.6951876
-1.6951879
-1.6951879
-1.6951877
-1.6951877
-1.695188
-1.695188
-1.6951876
-1.6951876
-1.6951879
-1.6951879
-1.6951881
-1.6951881
-2.1138384
-2.1138384
-2.1165881
-2.1165881
-2.116606
-2.116606
-2.1166068
-2.1166068
-2.1166056
-2.1166056
-2.1166055
-2.1166055
-2.1166055
-2.1166055
-2.1166055
-2.1166055
-2.1166061
-2.1166061
-2.1166068
-2.1166068
-2.116606
-2.116606
-2.1166061
-2.1166061
-2.1166061
-2.1166061
-2.116606
-2.116606
-2.1166061
-2.1166061
-2.1166044
-2.1166044
-2.1166054
-2.1166054
-2.116606
-2.116606
-2.116606
-2.116606
-2.1166066
-2.1166066
-2.1166059
-2.1166059
-2.1166059
-2.1166059
-2.116606
-2.116606
-2.1166053
-2.1166053
-2.1166053
-2.1166053
-2.1166053
-2.1166053
-2.1166059
-2.1166059
-2.116606
-2.116606
-2.1166065
-2.1166065
-2.1166059
-2.1166059
-2.116606
-2.116606
-2.1166052
-2.1166052
-2.1166046
-2.1166046
-2.1166058
-2.1166058
-2.1166064
-2.1166064
-2.1166059
-2.1166059
-2.1166059
-2.1166059
-2.1166
-2.1166
-2.1166036
-2.1166036
-2.1166044
-2.1166044
-2.1166056
-2.1166056
-2.1166091
-2.1166091
-2.116611
-2.116611
-2.1166114
-2.1166114
-2.1166156
-2.1166156
-2.1166258
-2.1166258
-2.1166328
-2.1166328
-2.1166435
-2.1166435
-2.1166365
-2.1166365
-2.1166397
-2.1166397
-2.1166562
-2.1166562
-2.1166488
-2.1166488
-2.116667
-2.116667
-2.1166644
-2.1166644
-2.1166802
-2.1166802
-2.1166674
-2.1166674
-2.1166695
-2.1166695
-2.1166975
-2.1166975
-2.1166877
-2.1166877
-2.116716
-2.116716
-2.1166808
-2.1166808
-2.1166715
-2.1166715
-2.1167102
-2.1167102
-2.1166997
-2.1166997
-2.116718
-2.116718
-2.1166913
-2.1166913
-2.1166921
-2.1166921
-2.1166799
-2.1166799
-2.1167213
-2.1167213
-2.1167123
-2.1167123
-2.1167276
-2.1167276
-2.1166992
-2.1166992
-2.1167281
-2.1167281
-2.1167177
-2.1167177
-2.1167145
-2.1167145
-2.1167173
-2.1167173
-2.1167161
-2.1167161
-2.116731
-2.116731
-2.1167033
-2.1167033
-2.1167014
-2.1167014
-2.1167347
-2.1167347
-2.1167022
-2.1167022
-2.1167336
-2.1167336
-2.1167162
-2.1167162
-2.1167336
-2.1167336
-2.1167015
-2.1167015
-2.1167039
-2.1167039
-2.1167332
-2.1167332
-2.1167318
-2.1167318
-2.1167341
-2.1167341
-2.1167027
-2.1167027
-2.1167026
-2.1167026
-2.1167338
-2.1167338
-2.1167023
-2.1167023
-2.1167024
-2.1167024
-2.1167485
-2.1167485
-2.1167027
-2.1167027
-2.1167336
-2.1167336
-2.116703
-2.116703
-2.1167164
-2.1167164
-2.116733
-2.116733
-2.1167029
-2.1167029
-2.1167493
-2.1167493
-2.1167173
-2.1167173
-2.1167189
-2.1167189
-2.1167194
-2.1167194
-2.1167329
-2.1167329
-2.1167032
-2.1167032
-2.1167353
-2.1167353
-2.1167185
-2.1167185
-2.1167204
-2.1167204
-2.1167193
-2.1167193
-2.1167032
-2.1167032
-2.1167349
-2.1167349
-2.1167033
-2.1167033
-2.1167367
-2.1167367
-2.1167211
-2.1167211
-2.1167355
-2.1167355
-2.1167211
-2.1167211
-2.1167351
-2.1167351
-2.1167072
-2.1167072
-2.1167058
-2.1167058
-2.1167215
-2.1167215
-2.1167214
-2.1167214
-2.1167376
-2.1167376
-2.1167057
-2.1167057
-2.1167377
-2.1167377
-2.1167217
-2.1167217
-2.1167044
-2.1167044
-2.1167206
-2.1167206
-2.1167205
-2.1167205
-2.116753
-2.116753
-2.1167357
-2.1167357
-2.1167052
-2.1167052
-2.1167042
-2.1167042
-2.1167359
-2.1167359
-2.116704
-2.116704
-2.1167368
-2.1167368
-2.1167184
-2.1167184
-2.1167198
-2.1167198
-2.1167191
-2.1167191
-2.1167048
-2.1167048
-2.1167354
-2.1167354
-2.1167033
-2.1167033
-2.1167343
-2.1167343
-2.1167018
-2.1167018
-2.11675
-2.11675
-2.1167177
-2.1167177
-2.1166866
-2.1166866
-2.1167307
-2.1167307
-2.1167487
-2.1167487
-2.1167023
-2.1167023
-2.1167017
-2.1167017
-2.1167163
-2.1167163
-2.1167165
-2.1167165
-2.1167309
-2.1167309
-2.1167149
-2.1167149
-2.1167316
-2.1167316
-2.1166994
-2.1166994
-2.1166977
-2.1166977
-2.1167388
-2.1167388
-2.1167
-2.1167
-2.1167246
-2.1167246
-2.1166986
-2.1166986
-2.1166967
-2.1166967
-2.1167243
-2.1167243
-2.1166988
-2.1166988
-2.1167234
-2.1167234
-2.1167128
-2.1167128
-2.1167254
-2.1167254
-2.1166967
-2.1166967
-2.1166971
-2.1166971
-2.1166975
-2.1166975
-2.1166812
-2.1166812
-2.1166969
-2.1166969
-2.1166966
-2.1166966
-2.1166963
-2.1166963
-2.1166982
-2.1166982
-2.1166955
-2.1166955
-2.1166965
-2.1166965
-2.114891
-2.114891
-2.1165828
-2.1165828
-2.1165938
-2.1165938
-2.1165915
-2.1165915
-2.1165937
-2.1165937
-2.1165937
-2.1165937
-2.1165936
-2.1165936
-2.1165892
-2.1165892
-2.1165957
-2.1165957
-2.1165913
-2.1165913
-2.1165935
-2.1165935
-2.1165936
-2.1165936
-2.1165935
-2.1165935
-2.1165958
-2.1165958
-2.1165981
-2.1165981
-2.1165912
-2.1165912
-2.116591
-2.116591
-2.1165933
-2.1165933
-2.116591
-2.116591
-2.1165886
-2.1165886
-2.1165956
-2.1165956
-2.1165932
-2.1165932
-2.1165907
-2.1165907
-2.1165908
-2.1165908
-2.1165885
-2.1165885
-2.1165932
-2.1165932
-2.1165932
-2.1165932
-2.1165931
-2.1165931
-2.1165954
-2.1165954
-2.1165931
-2.1165931
-2.1165931
-2.1165931
-2.1165954
-2.1165954
-2.1165907
-2.1165907
-2.116593
-2.116593
-2.1165905
-2.1165905
-2.116593
-2.116593
-2.1165906
-2.1165906
-2.116593
-2.116593
-2.1165954
-2.1165954
-2.1165905
-2.1165905
-2.1165953
-2.1165953
-2.1165905
-2.1165905
-2.1165952
-2.1165952
-2.1165905
-2.1165905
-2.1165929
-2.1165929
-2.1165953
-2.1165953
-2.1165977
-2.1165977
-2.1165953
-2.1165953
-2.1165905
-2.1165905
-2.1165953
-2.1165953
0.7506197
0.7506197
0.7622885
0.7622885
0.7623431
0.7623431
0.76235
0.76235
0.7623432
0.7623432
0.76235
0.76235
0.7623431
0.7623431
0.7623363
0.7623363
0.762343
0.762343
0.7623293
0.7623293
0.7623429
0.7623429
0.7623429
0.7623429
0.7623428
0.7623428
0.7623429
0.7623429
0.7623497
0.7623497
0.7623429
0.7623429
0.7623359
0.7623359
0.7623357
0.7623357
0.7623496
0.7623496
0.7623288
0.7623288
0.7623426
0.7623426
0.7623357
0.7623357
0.7623425
0.7623425
0.7623495
0.7623495
0.7623426
0.7623426
0.7623495
0.7623495
0.7623357
0.7623357
0.7623426
0.7623426
0.7623425
0.7623425
0.7623217
0.7623217
0.7623424
0.7623424
0.7623495
0.7623495
0.7623356
0.7623356
0.7623494
0.7623494
