0.04464247
0.04464247
0.9294045
0.9294045
0.81752139
0.81752139
0.78452439
0.78452439
0.7862519
0.7862519
0.78706151
0.78706151
0.79041155
0.79041155
0.78735473
0.78735473
0.78743396
0.78743396
0.78745976
0.78745976
0.78747511
0.78747511
0.79059674
0.79059674
0.79061514
0.79061514
0.79061959
0.79061959
0.79287737
0.79287737
0.78753082
0.78753082
0.71534057
0.71534057
0.63987814
0.63987814
0.64062691
0.64062691
0.64062972
0.64062972
0.64062959
0.64062959
0.64062894
0.64062894
0.64062964
0.64062964
0.64062964
0.64062964
0.64062893
0.64062893
0.64063048
0.64063048
0.64062965
0.64062965
0.64062964
0.64062964
0.64063192
0.64063192
0.64062978
0.64062978
0.68110875
0.68110875
0.68124896
0.68124896
0.68124986
0.68124986
0.68124992
0.68124992
0.68124989
0.68124989
0.6812499
0.6812499
0.68124986
0.68124986
0.68124991
0.68124991
0.76035805
0.76035805
0.75938162
0.75938162
0.75937531
0.75937531
0.75937531
0.75937531
0.75937532
0.75937532
0.75937526
0.75937526
0.75937531
0.75937531
0.75937531
0.75937531
0.75937536
0.75937536
0.7593754
0.7593754
0.7593753
0.7593753
0.7593753
0.7593753
0.75937529
0.75937529
0.75937529
0.75937529
0.75937529
0.75937529
0.75937529
0.75937529
0.75937533
0.75937533
0.75937528
0.75937528
0.75937538
0.75937538
0.75937528
0.75937528
0.75937528
0.75937528
0.75937523
0.75937523
0.75937528
0.75937528
0.75937528
0.75937528
0.75937528
0.75937528
0.75937532
0.75937532
0.7593754
0.7593754
0.75937527
0.75937527
0.75937526
0.75937526
0.75937531
0.75937531
0.75937527
0.75937527
0.75937527
0.75937527
0.75937522
0.75937522
0.7593753
0.7593753
0.75937526
0.75937526
0.75937526
0.75937526
0.75937521
0.75937521
0.75937525
0.75937525
0.75937735
0.75937735
0.75937537
0.75937537
0.75937532
0.75937532
0.75937527
0.75937527
0.75937523
0.75937523
0.75937527
0.75937527
0.75937535
0.75937535
0.75937531
0.75937531
0.75937534
0.75937534
0.75937531
0.75937531
0.75937534
0.75937534
0.75937523
0.75937523
0.75937522
0.75937522
0.75937529
0.75937529
0.75937533
0.75937533
0.75937529
0.75937529
0.75937543
0.75937543
0.75937525
0.75937525
0.75937521
0.75937521
0.75937518
0.75937518
0.75937521
0.75937521
0.75937521
0.75937521
0.75937517
0.75937517
0.75937531
0.75937531
0.75937521
0.75937521
0.75937521
0.75937521
0.75937527
0.75937527
0.75937523
0.75937523
0.75937527
0.75937527
0.75937529
0.75937529
0.75937526
0.75937526
0.7593752
0.7593752
0.75937519
0.75937519
0.75937525
0.75937525
0.75937526
0.75937526
0.75937529
0.75937529
0.75937526
0.75937526
0.75937521
0.75937521
0.75937519
0.75937519
0.75937522
0.75937522
0.75937522
0.75937522
0.75937524
0.75937524
0.75937528
0.75937528
0.75937527
0.75937527
0.75937524
0.75937524
0.75937524
0.75937524
0.7593752
0.7593752
0.75937517
0.75937517
0.75937522
0.75937522
0.75937523
0.75937523
0.75937527
0.75937527
0.75937518
0.75937518
0.75937517
0.75937517
0.75937517
0.75937517
0.75937519
0.75937519
0.75937525
0.75937525
0.75937524
0.75937524
0.75937526
0.75937526
0.75937521
0.75937521
0.75937519
0.75937519
0.75937514
0.75937514
0.75937521
0.75937521
0.75937525
0.75937525
0.75937522
0.75937522
0.75937521
0.75937521
0.75937524
0.75937524
0.75937518
0.75937518
0.75937513
0.75937513
0.75937523
0.75937523
0.7593752
0.7593752
0.75937523
0.75937523
0.7593752
0.7593752
0.75937523
0.75937523
0.75937515
0.75937515
0.75937515
0.75937515
0.7593752
0.7593752
0.75937519
0.75937519
0.75937517
0.75937517
0.75937518
0.75937518
0.75937519
0.75937519
0.75937524
0.75937524
0.75937516
0.75937516
0.75937514
0.75937514
0.75937514
0.75937514
0.75937514
0.75937514
0.75937511
0.75937511
0.75937514
0.75937514
0.75937516
0.75937516
0.75937513
0.75937513
0.75937516
0.75937516
0.75937516
0.75937516
0.75937513
0.75937513
0.75937513
0.75937513
0.75937513
0.75937513
0.75937513
0.75937513
0.75937511
0.75937511
0.75937515
0.75937515
0.75937515
0.75937515
0.75937517
0.75937517
0.75937513
0.75937513
0.75937513
0.75937513
0.75937512
0.75937512
0.75937513
0.75937513
0.75937511
0.75937511
0.75937512
0.75937512
0.75937513
0.75937513
0.75937519
0.75937519
0.75937513
0.75937513
0.75937512
0.75937512
0.75937513
0.75937513
0.75937511
0.75937511
0.75937512
0.75937512
0.75937513
0.75937513
0.75937514
0.75937514
0.75937512
0.75937512
0.75937513
0.75937513
0.75937516
0.75937516
0.75937512
0.75937512
0.75937513
0.75937513
0.75937512
0.75937512
0.75937512
0.75937512
0.75937512
0.75937512
0.75937512
0.75937512
0.75937512
0.75937512
0.75937512
0.75937512
0.75937512
0.75937512
0.75937518
0.75937518
0.75937511
0.75937511
0.75937512
0.75937512
0.75937512
0.75937512
0.75937512
0.75937512
0.75937511
0.75937511
0.7593751
0.7593751
0.75937513
0.75937513
0.75937513
0.75937513
0.7593751
0.7593751
0.75937517
0.75937517
0.7593751
0.7593751
0.75937509
0.75937509
0.75937511
0.75937511
0.75937509
0.75937509
0.75937511
0.75937511
0.75937511
0.75937511
0.75937512
0.75937512
0.7593751
0.7593751
0.7593751
0.7593751
0.75937516
0.75937516
0.75937511
0.75937511
0.75937509
0.75937509
0.75937511
0.75937511
0.7593751
0.7593751
0.75937509
0.75937509
0.75937512
0.75937512
0.7593751
0.7593751
0.75937513
0.75937513
0.7593751
0.7593751
0.7593751
0.7593751
0.7593751
0.7593751
0.75937509
0.75937509
0.7593751
0.7593751
0.75937514
0.75937514
0.75937512
0.75937512
0.7593751
0.7593751
0.7593751
0.7593751
0.7593751
0.7593751
0.75937508
0.75937508
0.75937514
0.75937514
0.7593753
0.7593753
0.75937553
0.75937553
0.75937559
0.75937559
0.75937552
0.75937552
0.75937596
0.75937596
0.75937601
0.75937601
0.75937635
0.75937635
0.7593766
0.7593766
0.75937659
0.75937659
0.75937738
0.75937738
0.75937735
0.75937735
0.75937725
0.75937725
0.75937743
0.75937743
0.75937762
0.75937762
0.7593773
0.7593773
0.75937793
0.75937793
0.75937867
0.75937867
0.75937827
0.75937827
0.75937776
0.75937776
0.75937837
0.75937837
0.75940514
0.75940514
0.75937941
0.75937941
0.75937989
0.75937989
0.75939163
0.75939163
0.75938172
0.75938172
0.75938098
0.75938098
0.7593803
0.7593803
0.75937882
0.75937882
0.75937952
0.75937952
0.75938107
0.75938107
0.75938042
0.75938042
0.75938122
0.75938122
0.7593813
0.7593813
0.75937976
0.75937976
0.75938215
0.75938215
0.75938131
0.75938131
0.75938063
0.75938063
0.75938139
0.75938139
0.75938214
0.75938214
0.75937983
0.75937983
0.75938047
0.75938047
0.75938061
0.75938061
0.75938116
0.75938116
0.7593798
0.7593798
0.75937398
0.75937398
0.75937962
0.75937962
0.7593798
0.7593798
0.75937899
0.75937899
0.75938057
0.75938057
0.75937975
0.75937975
0.75937905
0.75937905
0.75938058
0.75938058
0.75937986
0.75937986
0.75938132
0.75938132
0.75938058
0.75938058
0.75937896
0.75937896
0.75937978
0.75937978
0.75937976
0.75937976
0.75937893
0.75937893
0.75937969
0.75937969
0.75938061
0.75938061
0.75938122
0.75938122
0.75938055
0.75938055
0.759379
0.759379
0.75938053
0.75938053
0.75937971
0.75937971
0.75937901
0.75937901
0.75937974
0.75937974
0.75938062
0.75938062
0.75938053
0.75938053
0.75937987
0.75937987
0.75937972
0.75937972
0.759379
0.759379
0.75937984
0.75937984
0.7593798
0.7593798
0.7593889
0.7593889
0.75938
0.75938
0.75937986
0.75937986
0.75937908
0.75937908
0.75938075
0.75938075
0.75937983
0.75937983
0.75938986
0.75938986
0.75938244
0.75938244
0.75938001
0.75938001
0.75938142
0.75938142
0.75937998
0.75937998
0.75938147
0.75938147
0.75937988
0.75937988
0.7593824
0.7593824
0.75938149
0.75938149
0.75938151
0.75938151
0.75938314
0.75938314
0.75938157
0.75938157
0.75938241
0.75938241
0.75938233
0.75938233
0.75938001
0.75938001
0.75938146
0.75938146
0.75938076
0.75938076
0.75633837
0.75633837
0.75625537
0.75625537
0.75625399
0.75625399
0.75625484
0.75625484
0.75625483
0.75625483
0.7562557
0.7562557
0.75625477
0.75625477
0.75625402
0.75625402
0.75625709
0.75625709
0.75625483
0.75625483
0.75625472
0.75625472
0.75625482
0.75625482
0.756254
0.756254
0.7562548
0.7562548
0.75625467
0.75625467
0.75625559
0.75625559
0.7562547
0.7562547
0.75625558
0.75625558
0.75625546
0.75625546
0.75625467
0.75625467
0.75625461
0.75625461
0.75625469
0.75625469
0.75625386
0.75625386
0.75625471
0.75625471
0.75625533
0.75625533
0.75625551
0.75625551
0.75625467
0.75625467
0.7562546
0.7562546
0.75625471
0.75625471
0.75625467
0.75625467
0.75625389
0.75625389
0.75627052
0.75627052
0.7562548
0.7562548
0.75625541
0.75625541
0.75625617
0.75625617
0.75625477
0.75625477
0.75625461
0.75625461
0.75625628
0.75625628
0.75625551
0.75625551
0.75625621
0.75625621
0.75625476
0.75625476
0.75625622
0.75625622
0.75625549
0.75625549
0.75625622
0.75625622
0.75625471
0.75625471
0.75625466
0.75625466
0.75625549
0.75625549
0.75625547
0.75625547
0.75625613
0.75625613
0.75625544
0.75625544
0.7562561
0.7562561
0.75625474
0.75625474
0.7562554
0.7562554
0.75625464
0.75625464
0.75625625
0.75625625
0.75625622
0.75625622
0.75625713
0.75625713
0.72998135
0.72998135
0.73124622
0.73124622
0.73125448
0.73125448
0.7312545
0.7312545
0.73125455
0.73125455
0.73125455
0.73125455
0.73125368
0.73125368
0.73125527
0.73125527
0.73125603
0.73125603
0.73125528
0.73125528
0.73125465
0.73125465
0.73125373
0.73125373
0.73125454
0.73125454
0.73126279
0.73126279
0.73125711
0.73125711
0.73125465
0.73125465
0.73125598
0.73125598
0.7312562
0.7312562
0.73125683
0.73125683
0.73125536
0.73125536
0.73125453
0.73125453
0.73125518
0.73125518
0.73125594
0.73125594
0.73125563
0.73125563
0.73125631
0.73125631
0.73125398
0.73125398
0.73125382
0.73125382
0.73125487
0.73125487
0.73125352
0.73125352
0.73125441
0.73125441
0.73125372
0.73125372
0.73125397
0.73125397
0.73125327
0.73125327
0.73125332
0.73125332
0.73125277
0.73125277
0.73125221
0.73125221
0.73125272
0.73125272
0.73125222
0.73125222
0.73125229
0.73125229
0.73125159
0.73125159
0.73125188
0.73125188
0.73125154
0.73125154
0.73125121
0.73125121
0.73125125
0.73125125
0.73125112
0.73125112
0.73125114
0.73125114
0.73125082
0.73125082
0.73125072
0.73125072
0.73125047
0.73125047
0.73125035
0.73125035
0.73125039
0.73125039
0.73125011
0.73125011
0.73125
0.73125
0.73124984
0.73124984
0.73124969
0.73124969
0.73124962
0.73124962
0.73124965
0.73124965
0.73124966
0.73124966
0.65029706
0.65029706
0.65000175
0.65000175
0.64999988
0.64999988
0.64999992
0.64999992
0.64999997
0.64999997
0.64999999
0.64999999
0.65
0.65
0.64999999
0.64999999
0.64999997
0.64999997
0.64999995
0.64999995
0.64999995
0.64999995
0.64999992
0.64999992
0.64999992
0.64999992
0.6499998
0.6499998
0.64999991
0.64999991
0.64999995
0.64999995
0.64999992
0.64999992
0.64999994
0.64999994
0.64999995
0.64999995
0.64999993
0.64999993
0.64999994
0.64999994
0.64999989
0.64999989
0.64999991
0.64999991
0.64999989
0.64999989
0.64999993
0.64999993
0.64999994
0.64999994
0.64999993
0.64999993
0.64999994
0.64999994
0.64999993
0.64999993
0.64999993
0.64999993
0.64999991
0.64999991
0.64999993
0.64999993
0.64999993
0.64999993
0.64999993
0.64999993
0.64999991
0.64999991
0.64999991
0.64999991
0.64999992
0.64999992
0.64999993
0.64999993
0.64999993
0.64999993
0.64999993
0.64999993
0.64999993
0.64999993
0.64999993
0.64999993
0.6499999
0.6499999
0.64999992
0.64999992
0.6499999
0.6499999
0.64999992
0.64999992
0.64999992
0.64999992
0.64999993
0.64999993
0.64999994
0.64999994
0.64999994
0.64999994
0.64999993
0.64999993
0.64999991
0.64999991
0.64999992
0.64999992
0.6499999
0.6499999
0.64999992
0.64999992
0.64999991
0.64999991
0.64999993
0.64999993
0.64999993
0.64999993
0.6499999
0.6499999
0.6499999
0.6499999
0.64999991
0.64999991
0.64999991
0.64999991
0.64999992
0.64999992
0.6499999
0.6499999
0.64999991
0.64999991
0.64999993
0.64999993
0.68737211
0.68737211
0.687499
0.687499
0.68749982
0.68749982
0.68749986
0.68749986
0.68749981
0.68749981
0.6874998
0.6874998
0.6874998
0.6874998
0.6874998
0.6874998
0.68749983
0.68749983
0.68749986
0.68749986
0.68749982
0.68749982
0.68749983
0.68749983
0.68749983
0.68749983
0.68749982
0.68749982
0.68749983
0.68749983
0.68749975
0.68749975
0.6874998
0.6874998
0.68749982
0.68749982
0.68749982
0.68749982
0.68749985
0.68749985
0.68749982
0.68749982
0.68749982
0.68749982
0.68749983
0.68749983
0.68749979
0.68749979
0.68749979
0.68749979
0.68749979
0.68749979
0.68749982
0.68749982
0.68749982
0.68749982
0.68749985
0.68749985
0.68749982
0.68749982
0.68749982
0.68749982
0.68749979
0.68749979
0.68749976
0.68749976
0.68749982
0.68749982
0.68749984
0.68749984
0.68749982
0.68749982
0.68749982
0.68749982
0.68749955
0.68749955
0.68749971
0.68749971
0.68749975
0.68749975
0.68749981
0.68749981
0.68749997
0.68749997
0.68750005
0.68750005
0.68750007
0.68750007
0.68750026
0.68750026
0.68750073
0.68750073
0.68750106
0.68750106
0.68750155
0.68750155
0.68750122
0.68750122
0.68750137
0.68750137
0.68750213
0.68750213
0.68750179
0.68750179
0.68750263
0.68750263
0.68750251
0.68750251
0.68750324
0.68750324
0.68750265
0.68750265
0.68750274
0.68750274
0.68750403
0.68750403
0.68750358
0.68750358
0.68750488
0.68750488
0.68750326
0.68750326
0.68750283
0.68750283
0.68750461
0.68750461
0.68750413
0.68750413
0.68750497
0.68750497
0.68750374
0.68750374
0.68750378
0.68750378
0.68750322
0.68750322
0.68750512
0.68750512
0.6875047
0.6875047
0.6875054
0.6875054
0.6875041
0.6875041
0.68750543
0.68750543
0.68750495
0.68750495
0.6875048
0.6875048
0.68750493
0.68750493
0.68750487
0.68750487
0.68750556
0.68750556
0.68750429
0.68750429
0.6875042
0.6875042
0.68750573
0.68750573
0.68750423
0.68750423
0.68750568
0.68750568
0.68750488
0.68750488
0.68750568
0.68750568
0.6875042
0.6875042
0.68750431
0.68750431
0.68750565
0.68750565
0.68750559
0.68750559
0.68750569
0.68750569
0.68750426
0.68750426
0.68750425
0.68750425
0.68750568
0.68750568
0.68750423
0.68750423
0.68750424
0.68750424
0.68750635
0.68750635
0.68750425
0.68750425
0.68750567
0.68750567
0.68750427
0.68750427
0.68750488
0.68750488
0.68750564
0.68750564
0.68750426
0.68750426
0.68750638
0.68750638
0.68750492
0.68750492
0.68750499
0.68750499
0.68750501
0.68750501
0.68750563
0.68750563
0.68750427
0.68750427
0.68750574
0.68750574
0.68750497
0.68750497
0.68750505
0.68750505
0.68750501
0.68750501
0.68750427
0.68750427
0.68750571
0.68750571
0.68750427
0.68750427
0.6875058
0.6875058
0.68750509
0.68750509
0.68750574
0.68750574
0.68750508
0.68750508
0.68750572
0.68750572
0.68750445
0.68750445
0.68750438
0.68750438
0.6875051
0.6875051
0.68750509
0.68750509
0.68750583
0.68750583
0.68750438
0.68750438
0.68750583
0.68750583
0.68750511
0.68750511
0.68750432
0.68750432
0.68750506
0.68750506
0.68750505
0.68750505
0.68750653
0.68750653
0.68750574
0.68750574
0.68750435
0.68750435
0.6875043
0.6875043
0.68750575
0.68750575
0.68750429
0.68750429
0.68750579
0.68750579
0.68750495
0.68750495
0.68750501
0.68750501
0.68750498
0.68750498
0.68750433
0.68750433
0.68750572
0.68750572
0.68750426
0.68750426
0.68750567
0.68750567
0.68750419
0.68750419
0.68750638
0.68750638
0.68750491
0.68750491
0.6875035
0.6875035
0.6875055
0.6875055
0.68750632
0.68750632
0.68750421
0.68750421
0.68750418
0.68750418
0.68750484
0.68750484
0.68750485
0.68750485
0.68750551
0.68750551
0.68750478
0.68750478
0.68750554
0.68750554
0.68750407
0.68750407
0.68750399
0.68750399
0.68750586
0.68750586
0.6875041
0.6875041
0.68750521
0.68750521
0.68750403
0.68750403
0.68750395
0.68750395
0.6875052
0.6875052
0.68750404
0.68750404
0.68750516
0.68750516
0.68750467
0.68750467
0.68750525
0.68750525
0.68750395
0.68750395
0.68750396
0.68750396
0.68750398
0.68750398
0.68750324
0.68750324
0.68750395
0.68750395
0.68750393
0.68750393
0.68750392
0.68750392
0.68750401
0.68750401
0.68750388
0.68750388
0.68750393
0.68750393
0.68742438
0.68742438
0.68749881
0.68749881
0.68749929
0.68749929
0.6874992
0.6874992
0.68749929
0.68749929
0.68749929
0.68749929
0.68749929
0.68749929
0.6874991
0.6874991
0.68749938
0.68749938
0.68749919
0.68749919
0.68749929
0.68749929
0.68749929
0.68749929
0.68749928
0.68749928
0.68749939
0.68749939
0.68749949
0.68749949
0.68749919
0.68749919
0.68749918
0.68749918
0.68749928
0.68749928
0.68749918
0.68749918
0.68749908
0.68749908
0.68749938
0.68749938
0.68749927
0.68749927
0.68749917
0.68749917
0.68749917
0.68749917
0.68749907
0.68749907
0.68749928
0.68749928
0.68749928
0.68749928
0.68749927
0.68749927
0.68749937
0.68749937
0.68749927
0.68749927
0.68749927
0.68749927
0.68749938
0.68749938
0.68749917
0.68749917
0.68749927
0.68749927
0.68749916
0.68749916
0.68749927
0.68749927
0.68749917
0.68749917
0.68749927
0.68749927
0.68749938
0.68749938
0.68749916
0.68749916
0.68749937
0.68749937
0.68749916
0.68749916
0.68749937
0.68749937
0.68749917
0.68749917
0.68749927
0.68749927
0.68749937
0.68749937
0.68749948
0.68749948
0.68749937
0.68749937
0.68749917
0.68749917
0.68749938
0.68749938
0.70363197
0.70363197
0.70312914
0.70312914
0.70312678
0.70312678
0.70312648
0.70312648
0.70312678
0.70312678
0.70312648
0.70312648
0.70312678
0.70312678
0.70312708
0.70312708
0.70312679
0.70312679
0.70312738
0.70312738
0.70312679
0.70312679
0.7031268
0.7031268
0.7031268
0.7031268
0.7031268
0.7031268
0.7031265
0.7031265
0.7031268
0.7031268
0.70312711
0.70312711
0.70312711
0.70312711
0.70312651
0.70312651
0.70312742
0.70312742
0.70312682
0.70312682
0.70312712
0.70312712
0.70312682
0.70312682
0.70312652
0.70312652
0.70312682
0.70312682
0.70312652
0.70312652
0.70312712
0.70312712
0.70312682
0.70312682
0.70312683
0.70312683
0.70312774
0.70312774
0.70312683
0.70312683
0.70312652
0.70312652
0.70312713
0.70312713
0.70312653
0.70312653
