-0.95132368
-0.95132368
-0.77580036
-0.77580036
1.62269325
1.62269325
2.25595555
2.25595555
2.21919397
2.21919397
2.2023082
2.2023082
2.19744438
2.19744438
2.19641782
2.19641782
2.19461745
2.19461745
2.19410013
2.19410013
2.19379887
2.19379887
2.19366452
2.19366452
2.19351236
2.19351236
2.19343138
2.19343138
2.19393347
2.19393347
2.19334068
2.19334068
2.14326561
2.14326561
2.33649054
2.33649054
2.33666711
2.33666711
2.33666778
2.33666778
2.33666775
2.33666775
2.3366676
2.3366676
2.33666777
2.33666777
2.33666777
2.33666777
2.3366676
2.3366676
2.33666797
2.33666797
2.33666778
2.33666778
2.33666778
2.33666778
2.33666833
2.33666833
2.33666782
2.33666782
2.359926
2.359926
2.35999945
2.35999945
2.3599999
2.3599999
2.35999994
2.35999994
2.35999991
2.35999991
2.35999992
2.35999992
2.35999989
2.35999989
2.35999993
2.35999993
2.15718479
2.15718479
2.15667025
2.15667025
2.15666692
2.15666692
2.15666694
2.15666694
2.15666694
2.15666694
2.15666689
2.15666689
2.15666694
2.15666694
2.15666694
2.15666694
2.15666697
2.15666697
2.15666701
2.15666701
2.15666692
2.15666692
2.15666692
2.15666692
2.15666691
2.15666691
2.15666691
2.15666691
2.15666691
2.15666691
2.15666691
2.15666691
2.15666694
2.15666694
2.1566669
2.1566669
2.15666698
2.15666698
2.1566669
2.1566669
2.15666689
2.15666689
2.15666686
2.15666686
2.15666689
2.15666689
2.15666689
2.15666689
2.15666689
2.15666689
2.15666692
2.15666692
2.15666698
2.15666698
2.15666688
2.15666688
2.15666687
2.15666687
2.15666691
2.15666691
2.15666687
2.15666687
2.15666687
2.15666687
2.15666683
2.15666683
2.1566669
2.1566669
2.15666686
2.15666686
2.15666686
2.15666686
2.15666682
2.15666682
2.15666686
2.15666686
2.15666834
2.15666834
2.15666693
2.15666693
2.15666689
2.15666689
2.15666686
2.15666686
2.15666683
2.15666683
2.15666685
2.15666685
2.15666691
2.15666691
2.15666688
2.15666688
2.1566669
2.1566669
2.15666687
2.15666687
2.15666689
2.15666689
2.15666682
2.15666682
2.15666681
2.15666681
2.15666686
2.15666686
2.15666688
2.15666688
2.15666685
2.15666685
2.15666695
2.15666695
2.15666683
2.15666683
2.1566668
2.1566668
2.15666678
2.15666678
2.1566668
2.1566668
2.1566668
2.1566668
2.15666678
2.15666678
2.15666686
2.15666686
2.1566668
2.1566668
2.15666679
2.15666679
2.15666683
2.15666683
2.15666681
2.15666681
2.15666683
2.15666683
2.15666685
2.15666685
2.15666683
2.15666683
2.15666678
2.15666678
2.15666678
2.15666678
2.15666682
2.15666682
2.15666682
2.15666682
2.15666684
2.15666684
2.15666682
2.15666682
2.15666679
2.15666679
2.15666678
2.15666678
2.15666679
2.15666679
2.15666679
2.15666679
2.15666681
2.15666681
2.15666682
2.15666682
2.15666682
2.15666682
2.1566668
2.1566668
2.1566668
2.1566668
2.15666678
2.15666678
2.15666676
2.15666676
2.15666679
2.15666679
2.15666679
2.15666679
2.15666681
2.15666681
2.15666676
2.15666676
2.15666676
2.15666676
2.15666676
2.15666676
2.15666677
2.15666677
2.1566668
2.1566668
2.1566668
2.1566668
2.1566668
2.1566668
2.15666678
2.15666678
2.15666677
2.15666677
2.15666674
2.15666674
2.15666678
2.15666678
2.15666679
2.15666679
2.15666678
2.15666678
2.15666677
2.15666677
2.15666679
2.15666679
2.15666676
2.15666676
2.15666673
2.15666673
2.15666678
2.15666678
2.15666677
2.15666677
2.15666678
2.15666678
2.15666677
2.15666677
2.15666678
2.15666678
2.15666674
2.15666674
2.15666674
2.15666674
2.15666676
2.15666676
2.15666676
2.15666676
2.15666675
2.15666675
2.15666676
2.15666676
2.15666676
2.15666676
2.15666679
2.15666679
2.15666674
2.15666674
2.15666673
2.15666673
2.15666673
2.15666673
2.15666673
2.15666673
2.15666672
2.15666672
2.15666673
2.15666673
2.15666674
2.15666674
2.15666673
2.15666673
2.15666674
2.15666674
2.15666674
2.15666674
2.15666673
2.15666673
2.15666673
2.15666673
2.15666673
2.15666673
2.15666673
2.15666673
2.15666671
2.15666671
2.15666673
2.15666673
2.15666673
2.15666673
2.15666674
2.15666674
2.15666672
2.15666672
2.15666672
2.15666672
2.15666672
2.15666672
2.15666672
2.15666672
2.15666671
2.15666671
2.15666672
2.15666672
2.15666672
2.15666672
2.15666675
2.15666675
2.15666672
2.15666672
2.15666672
2.15666672
2.15666672
2.15666672
2.15666671
2.15666671
2.15666672
2.15666672
2.15666672
2.15666672
2.15666673
2.15666673
2.15666672
2.15666672
2.15666672
2.15666672
2.15666673
2.15666673
2.15666672
2.15666672
2.15666672
2.15666672
2.15666671
2.15666671
2.15666671
2.15666671
2.15666671
2.15666671
2.15666671
2.15666671
2.15666671
2.15666671
2.15666671
2.15666671
2.15666671
2.15666671
2.15666674
2.15666674
2.15666671
2.15666671
2.15666671
2.15666671
2.15666671
2.15666671
2.15666671
2.15666671
2.15666671
2.15666671
2.1566667
2.1566667
2.15666672
2.15666672
2.15666672
2.15666672
2.1566667
2.1566667
2.15666673
2.15666673
2.15666671
2.15666671
2.1566667
2.1566667
2.15666671
2.15666671
2.1566667
2.1566667
2.15666671
2.15666671
2.15666671
2.15666671
2.15666671
2.15666671
2.15666671
2.15666671
2.15666671
2.15666671
2.15666672
2.15666672
2.1566667
2.1566667
2.1566667
2.1566667
2.1566667
2.1566667
2.1566667
2.1566667
2.1566667
2.1566667
2.15666671
2.15666671
2.1566667
2.1566667
2.15666671
2.15666671
2.1566667
2.1566667
2.1566667
2.1566667
2.1566667
2.1566667
2.1566667
2.1566667
2.1566667
2.1566667
2.15666672
2.15666672
2.15666671
2.15666671
2.1566667
2.1566667
2.1566667
2.1566667
2.1566667
2.1566667
2.15666669
2.15666669
2.15666671
2.15666671
2.15666673
2.15666673
2.15666678
2.15666678
2.15666678
2.15666678
2.15666676
2.15666676
2.15666683
2.15666683
2.15666684
2.15666684
2.15666689
2.15666689
2.15666693
2.15666693
2.15666693
2.15666693
2.15666705
2.15666705
2.15666704
2.15666704
2.15666702
2.15666702
2.15666704
2.15666704
2.15666707
2.15666707
2.15666702
2.15666702
2.15666711
2.15666711
2.15666722
2.15666722
2.15666716
2.15666716
2.15666708
2.15666708
2.15666717
2.15666717
2.15667094
2.15667094
2.15666729
2.15666729
2.15666735
2.15666735
2.15666895
2.15666895
2.15666758
2.15666758
2.15666747
2.15666747
2.15666738
2.15666738
2.15666718
2.15666718
2.15666727
2.15666727
2.15666747
2.15666747
2.15666738
2.15666738
2.15666747
2.15666747
2.15666748
2.15666748
2.15666728
2.15666728
2.15666757
2.15666757
2.15666746
2.15666746
2.15666737
2.15666737
2.15666746
2.15666746
2.15666755
2.15666755
2.15666726
2.15666726
2.15666733
2.15666733
2.15666735
2.15666735
2.15666741
2.15666741
2.15666724
2.15666724
2.15666657
2.15666657
2.15666721
2.15666721
2.15666723
2.15666723
2.15666713
2.15666713
2.15666731
2.15666731
2.15666721
2.15666721
2.15666713
2.15666713
2.1566673
2.1566673
2.15666721
2.15666721
2.15666737
2.15666737
2.15666728
2.15666728
2.1566671
2.1566671
2.15666719
2.15666719
2.15666718
2.15666718
2.15666709
2.15666709
2.15666717
2.15666717
2.15666726
2.15666726
2.15666733
2.15666733
2.15666725
2.15666725
2.15666708
2.15666708
2.15666724
2.15666724
2.15666715
2.15666715
2.15666708
2.15666708
2.15666715
2.15666715
2.15666723
2.15666723
2.15666722
2.15666722
2.15666715
2.15666715
2.15666713
2.15666713
2.15666706
2.15666706
2.15666714
2.15666714
2.15666713
2.15666713
2.15666799
2.15666799
2.15666714
2.15666714
2.15666712
2.15666712
2.15666705
2.15666705
2.1566672
2.1566672
2.15666711
2.15666711
2.156668
2.156668
2.15666733
2.15666733
2.15666711
2.15666711
2.15666723
2.15666723
2.1566671
2.1566671
2.15666722
2.15666722
2.15666708
2.15666708
2.15666729
2.15666729
2.15666721
2.15666721
2.15666721
2.15666721
2.15666733
2.15666733
2.1566672
2.1566672
2.15666726
2.15666726
2.15666725
2.15666725
2.15666706
2.15666706
2.15666717
2.15666717
2.15666711
2.15666711
2.13667333
2.13667333
2.13666708
2.13666708
2.13666697
2.13666697
2.13666704
2.13666704
2.13666703
2.13666703
2.1366671
2.1366671
2.13666703
2.13666703
2.13666697
2.13666697
2.1366672
2.1366672
2.13666703
2.13666703
2.13666702
2.13666702
2.13666703
2.13666703
2.13666697
2.13666697
2.13666703
2.13666703
2.13666702
2.13666702
2.13666708
2.13666708
2.13666702
2.13666702
2.13666708
2.13666708
2.13666707
2.13666707
2.13666701
2.13666701
2.13666701
2.13666701
2.13666701
2.13666701
2.13666695
2.13666695
2.13666701
2.13666701
2.13666706
2.13666706
2.13666707
2.13666707
2.13666701
2.13666701
2.136667
2.136667
2.13666701
2.13666701
2.13666701
2.13666701
2.13666695
2.13666695
2.13666814
2.13666814
2.13666701
2.13666701
2.13666705
2.13666705
2.13666711
2.13666711
2.13666701
2.13666701
2.136667
2.136667
2.13666711
2.13666711
2.13666706
2.13666706
2.13666711
2.13666711
2.136667
2.136667
2.13666711
2.13666711
2.13666705
2.13666705
2.1366671
2.1366671
2.136667
2.136667
2.13666699
2.13666699
2.13666705
2.13666705
2.13666705
2.13666705
2.13666709
2.13666709
2.13666704
2.13666704
2.13666709
2.13666709
2.13666699
2.13666699
2.13666704
2.13666704
2.13666699
2.13666699
2.1366671
2.1366671
2.13666709
2.13666709
2.13666715
2.13666715
2.19658123
2.19658123
2.19666641
2.19666641
2.19666698
2.19666698
2.19666699
2.19666699
2.196667
2.196667
2.196667
2.196667
2.19666694
2.19666694
2.19666707
2.19666707
2.19666714
2.19666714
2.19666709
2.19666709
2.19666705
2.19666705
2.19666698
2.19666698
2.19666705
2.19666705
2.19666779
2.19666779
2.19666731
2.19666731
2.19666709
2.19666709
2.19666723
2.19666723
2.19666726
2.19666726
2.19666733
2.19666733
2.1966672
2.1966672
2.19666712
2.19666712
2.1966672
2.1966672
2.19666729
2.19666729
2.19666727
2.19666727
2.19666735
2.19666735
2.1966671
2.1966671
2.19666709
2.19666709
2.19666722
2.19666722
2.19666707
2.19666707
2.19666718
2.19666718
2.19666711
2.19666711
2.19666714
2.19666714
2.19666707
2.19666707
2.19666708
2.19666708
2.19666701
2.19666701
2.19666695
2.19666695
2.19666702
2.19666702
2.19666696
2.19666696
2.19666697
2.19666697
2.19666688
2.19666688
2.19666692
2.19666692
2.19666688
2.19666688
2.19666683
2.19666683
2.19666684
2.19666684
2.19666683
2.19666683
2.19666683
2.19666683
2.19666679
2.19666679
2.19666677
2.19666677
2.19666674
2.19666674
2.19666672
2.19666672
2.19666672
2.19666672
2.19666668
2.19666668
2.19666666
2.19666666
2.19666664
2.19666664
2.19666661
2.19666661
2.1966666
2.1966666
2.19666661
2.19666661
2.19666661
2.19666661
2.34671694
2.34671694
2.34666695
2.34666695
2.34666664
2.34666664
2.34666664
2.34666664
2.34666665
2.34666665
2.34666666
2.34666666
2.34666666
2.34666666
2.34666666
2.34666666
2.34666665
2.34666665
2.34666665
2.34666665
2.34666665
2.34666665
2.34666664
2.34666664
2.34666664
2.34666664
2.3466666
2.3466666
2.34666664
2.34666664
2.34666665
2.34666665
2.34666664
2.34666664
2.34666664
2.34666664
2.34666665
2.34666665
2.34666664
2.34666664
2.34666664
2.34666664
2.34666663
2.34666663
2.34666664
2.34666664
2.34666663
2.34666663
2.34666664
2.34666664
2.34666665
2.34666665
2.34666664
2.34666664
2.34666664
2.34666664
2.34666664
2.34666664
2.34666664
2.34666664
2.34666664
2.34666664
2.34666664
2.34666664
2.34666664
2.34666664
2.34666664
2.34666664
2.34666664
2.34666664
2.34666664
2.34666664
2.34666664
2.34666664
2.34666664
2.34666664
2.34666664
2.34666664
2.34666664
2.34666664
2.34666664
2.34666664
2.34666664
2.34666664
2.34666663
2.34666663
2.34666664
2.34666664
2.34666663
2.34666663
2.34666664
2.34666664
2.34666664
2.34666664
2.34666664
2.34666664
2.34666664
2.34666664
2.34666664
2.34666664
2.34666664
2.34666664
2.34666663
2.34666663
2.34666664
2.34666664
2.34666663
2.34666663
2.34666664
2.34666664
2.34666663
2.34666663
2.34666664
2.34666664
2.34666664
2.34666664
2.34666663
2.34666663
2.34666663
2.34666663
2.34666663
2.34666663
2.34666663
2.34666663
2.34666664
2.34666664
2.34666663
2.34666663
2.34666663
2.34666663
2.34666664
2.34666664
2.359973
2.359973
2.35999978
2.35999978
2.35999995
2.35999995
2.35999996
2.35999996
2.35999995
2.35999995
2.35999994
2.35999994
2.35999994
2.35999994
2.35999994
2.35999994
2.35999995
2.35999995
2.35999996
2.35999996
2.35999995
2.35999995
2.35999995
2.35999995
2.35999995
2.35999995
2.35999995
2.35999995
2.35999995
2.35999995
2.35999993
2.35999993
2.35999994
2.35999994
2.35999995
2.35999995
2.35999995
2.35999995
2.35999996
2.35999996
2.35999995
2.35999995
2.35999995
2.35999995
2.35999995
2.35999995
2.35999994
2.35999994
2.35999994
2.35999994
2.35999994
2.35999994
2.35999994
2.35999994
2.35999994
2.35999994
2.35999995
2.35999995
2.35999994
2.35999994
2.35999994
2.35999994
2.35999993
2.35999993
2.35999992
2.35999992
2.35999994
2.35999994
2.35999995
2.35999995
2.35999994
2.35999994
2.35999994
2.35999994
2.35999985
2.35999985
2.35999991
2.35999991
2.35999992
2.35999992
2.35999993
2.35999993
2.35999998
2.35999998
2.36
2.36
2.36
2.36
2.36000006
2.36000006
2.36000019
2.36000019
2.36000028
2.36000028
2.36000042
2.36000042
2.36000034
2.36000034
2.36000038
2.36000038
2.3600006
2.3600006
2.36000051
2.36000051
2.36000075
2.36000075
2.36000072
2.36000072
2.36000094
2.36000094
2.36000077
2.36000077
2.36000081
2.36000081
2.3600012
2.3600012
2.36000107
2.36000107
2.36000147
2.36000147
2.36000099
2.36000099
2.36000086
2.36000086
2.36000141
2.36000141
2.36000127
2.36000127
2.36000154
2.36000154
2.36000117
2.36000117
2.36000119
2.36000119
2.36000101
2.36000101
2.36000162
2.36000162
2.3600015
2.3600015
2.36000174
2.36000174
2.36000133
2.36000133
2.36000177
2.36000177
2.36000162
2.36000162
2.36000158
2.36000158
2.36000163
2.36000163
2.36000162
2.36000162
2.36000186
2.36000186
2.36000145
2.36000145
2.36000142
2.36000142
2.36000195
2.36000195
2.36000145
2.36000145
2.36000196
2.36000196
2.36000169
2.36000169
2.36000198
2.36000198
2.36000147
2.36000147
2.36000152
2.36000152
2.36000201
2.36000201
2.36000199
2.36000199
2.36000205
2.36000205
2.36000154
2.36000154
2.36000154
2.36000154
2.36000207
2.36000207
2.36000155
2.36000155
2.36000156
2.36000156
2.36000236
2.36000236
2.36000159
2.36000159
2.36000213
2.36000213
2.36000161
2.36000161
2.36000185
2.36000185
2.36000215
2.36000215
2.36000163
2.36000163
2.36000247
2.36000247
2.36000191
2.36000191
2.36000195
2.36000195
2.36000197
2.36000197
2.36000222
2.36000222
2.3600017
2.3600017
2.36000229
2.36000229
2.360002
2.360002
2.36000204
2.36000204
2.36000203
2.36000203
2.36000174
2.36000174
2.36000235
2.36000235
2.36000176
2.36000176
2.36000241
2.36000241
2.36000212
2.36000212
2.36000241
2.36000241
2.36000215
2.36000215
2.36000243
2.36000243
2.3600019
2.3600019
2.36000188
2.36000188
2.3600022
2.3600022
2.36000221
2.36000221
2.36000255
2.36000255
2.36000192
2.36000192
2.36000257
2.36000257
2.36000226
2.36000226
2.36000192
2.36000192
2.36000226
2.36000226
2.36000227
2.36000227
2.36000296
2.36000296
2.36000262
2.36000262
2.36000199
2.36000199
2.36000198
2.36000198
2.36000266
2.36000266
2.360002
2.360002
2.36000271
2.36000271
2.36000233
2.36000233
2.36000237
2.36000237
2.36000237
2.36000237
2.36000207
2.36000207
2.36000275
2.36000275
2.36000206
2.36000206
2.36000275
2.36000275
2.36000204
2.36000204
2.36000313
2.36000313
2.36000242
2.36000242
2.36000173
2.36000173
2.36000274
2.36000274
2.36000317
2.36000317
2.36000212
2.36000212
2.36000212
2.36000212
2.36000247
2.36000247
2.36000248
2.36000248
2.36000283
2.36000283
2.36000247
2.36000247
2.36000288
2.36000288
2.36000213
2.36000213
2.3600021
2.3600021
2.3600031
2.3600031
2.36000218
2.36000218
2.36000278
2.36000278
2.36000216
2.36000216
2.36000213
2.36000213
2.36000282
2.36000282
2.3600022
2.3600022
2.36000282
2.36000282
2.36000257
2.36000257
2.3600029
2.3600029
2.36000219
2.36000219
2.36000221
2.36000221
2.36000223
2.36000223
2.36000182
2.36000182
2.36000223
2.36000223
2.36000224
2.36000224
2.36000224
2.36000224
2.3600023
2.3600023
2.36000224
2.36000224
2.36000227
2.36000227
2.35989407
2.35989407
2.3599984
2.3599984
2.359999
2.359999
2.35999885
2.35999885
2.35999898
2.35999898
2.35999898
2.35999898
2.35999897
2.35999897
2.35999867
2.35999867
2.35999909
2.35999909
2.3599988
2.3599988
2.35999894
2.35999894
2.35999893
2.35999893
2.35999892
2.35999892
2.35999907
2.35999907
2.35999922
2.35999922
2.35999875
2.35999875
2.35999873
2.35999873
2.35999888
2.35999888
2.35999871
2.35999871
2.35999854
2.35999854
2.35999902
2.35999902
2.35999884
2.35999884
2.35999866
2.35999866
2.35999866
2.35999866
2.35999848
2.35999848
2.35999881
2.35999881
2.3599988
2.3599988
2.35999879
2.35999879
2.35999895
2.35999895
2.35999878
2.35999878
2.35999877
2.35999877
2.35999893
2.35999893
2.35999858
2.35999858
2.35999874
2.35999874
2.35999854
2.35999854
2.35999872
2.35999872
2.35999853
2.35999853
2.3599987
2.3599987
2.35999888
2.35999888
2.35999849
2.35999849
2.35999886
2.35999886
2.35999847
2.35999847
2.35999884
2.35999884
2.35999846
2.35999846
2.35999864
2.35999864
2.35999882
2.35999882
2.35999901
2.35999901
2.35999882
2.35999882
2.35999841
2.35999841
2.3599988
2.3599988
2.14750267
2.14750267
2.14667391
2.14667391
2.14666997
2.14666997
2.1466694
2.1466694
2.14666994
2.14666994
2.14666938
2.14666938
2.14666991
2.14666991
2.14667043
2.14667043
2.14666989
2.14666989
2.14667092
2.14667092
2.14666985
2.14666985
2.14666984
2.14666984
2.14666983
2.14666983
2.14666981
2.14666981
2.14666928
2.14666928
2.14666978
2.14666978
2.14667029
2.14667029
2.14667028
2.14667028
2.14666924
2.14666924
2.14667074
2.14667074
2.14666972
2.14666972
2.1466702
2.1466702
2.14666969
2.14666969
2.14666917
2.14666917
2.14666965
2.14666965
2.14666915
2.14666915
2.14667012
2.14667012
2.14666961
2.14666961
2.1466696
2.1466696
2.14667103
2.14667103
2.14666957
2.14666957
2.14666907
2.14666907
2.14667001
2.14667001
2.14666906
2.14666906
